1.947
1.082
0.533
1.082
0.583
2.208
0.122
26.484
12.134
8.260
0.891
0.687
3.542
0.662
0.075
2.761
0.615
2.041
0.432
0.471
1.576
0.621
0.184
2.996
52.985
0.857
1.468
0.347
0.287
1.303
1.494
0.901
0.868
0.574
0.051
0.571
1.037
0.978
6.401
20.921
1.699
2.172
0.123
0.949
1.056
2.836
12.860
1.162
1.434
3.431
0.667
0.594
3.830
0.607
46.603
32.740
0.401
0.491
0.692
0.334
10.175
1.220
1.374
0.314
1.157
0.214
0.836
0.389
2.064
1.200
36.233
3.470
1.378
1.883
0.527
5.888
1.493
20.093
1.369
0.972
1.600
0.368
2.583
0.568
0.790
3.517
0.183
0.933
0.988
0.455
1.502
0.058
0.058
7.641
0.044
1.418
1.932
0.157
43.441
4.083
4.090
29.630
0.448
5.360
0.008
0.265
0.006
0.728
1.202
0.348
2.371
1.490
2.011
2.270
0.305
2.626
5.052
1.500
0.356
0.277
0.359
1.179
0.029
1.880
0.754
0.291
1.626
0.791
0.327
0.351
0.225
4.289
5.083
25.483
1.666
1.497
3.608
0.897
1.965
0.801
1.635
0.928
5.799
15.371
1.558
0.348
0.048
0.453
1.999
33.235
0.277
1.221
1.338
1.860
2.337
0.371
1.032
1.028
5.249
2.250
5.220
1.055
1.798
0.211
0.380
1.233
0.344
3.421
0.050
3.590
1.806
0.259
2.863
2.366
0.258
1.172
0.110
1.242
0.600
1.776
8.017
0.801
2.894
0.764
1.569
0.361
5.518
0.226
0.366
1.318
0.919
0.909
1.737
0.822
1.424
0.927
0.187
1.198
1.501
0.079
0.470
0.563
1.155
0.301
0.228
1.094
2.171
0.690
1.070
0.303
2.187
1.857
0.130
2.978
0.456
1.737
0.744
2.048
1.217
7.078
2.931
0.202
1.964
4.328
4.465
3.217
2.066
0.121
0.486
3.701
1.064
0.498
0.309
0.121
2.720
0.473
0.779
1.848
0.785
8.904
0.909
0.862
0.429
0.899
2.747
64.232
2.983
0.570
1.306
0.029
0.818
0.902
0.840
1.267
1.154
1.816
1.105
4.472
0.495
0.711
1.303
0.334
1.846
0.948
0.642
1.390
1.405
0.083
0.345
7.104
0.608
1.705
13.719
5.457
28.631
0.666
0.476
1.596
1.355
0.754
0.961
0.875
1.582
3.774
0.137
49.393
10.305
0.296
0.954
1.065
2.267
3.717
1.415
0.055
0.091
21.975
1.794
11.379
0.422
2.093
0.178
5.119
0.411
0.031
2.065
1.042
1.322
0.211
0.796
0.666
2.276
0.916
23.840
3.065
1.304
0.924
1.599
1.264
0.403
0.845
0.328
1.810
0.940
0.396
1.252
2.693
1.005
0.470
0.054
0.062
0.025
0.610
0.523
1.816
2.237
0.721
0.895
1.085
0.481
9.419
5.536
0.002
1.371
0.330
0.625
2.333
0.513
0.858
2.116
1.288
6.505
1.507
0.155
2.790
2.123
0.979
1.105
0.011
1.595
1.098
0.313
1.235
0.157
0.517
1.640
0.725
0.851
1.406
0.360
1.141
1.545
0.603
1.475
0.043
0.062
0.866
0.309
0.783
0.194
0.716
0.387
0.770
1.938
0.433
1.198
6.297
0.113
0.343
2.206
4.702
0.509
1.261
3.066
0.373
1.369
0.111
0.868
1.907
5.269
2.572
1.610
0.503
1.023
1.768
0.631
0.748
0.967
3.628
1.145
2.048
1.354
0.134
6.681
24.722
1.586
1.708
8.539
1.317
1.392
0.839
0.260
2.812
1.565
0.674
4.361
2.115
1.425
1.209
0.893
0.047
0.150
2.958
0.921
0.491
1.274
0.566
1.459
0.612
47.481
1.443
7.829
1.986
17.016
1.202
0.126
2.685
0.641
0.927
2.499
0.933
1.844
1.258
0.057
1.582
0.969
0.529
2.935
0.055
7.441
0.160
0.497
0.083
0.004
0.256
0.380
2.339
7.256
1.866
3.199
1.732
2.522
1.184
2.982
1.902
1.426
0.419
1515.818
0.272
0.881
1.301
1.245
0.906
0.537
0.811
1.455
0.004
0.870
2.944
2.139
0.624
12.794
0.050
42.705
3.190
0.330
0.124
1.214
0.051
0.699
0.096
4.265
0.850
0.016
0.351
5.151
0.331
0.426
1.364
1.170
1.952
0.547
0.307
0.677
0.624
0.711
1.718
0.735
0.215
1.833
0.380
1.040
0.177
0.588
4.707
1.144
0.744
0.784
4.155
0.653
1.324
4.721
0.237
0.273
16.816
0.402
1.487
1.053
0.352
0.667
0.091
0.390
3.313
1.207
0.419
3.707
1.225
0.114
0.469
0.712
3.629
22.614
0.565
1.384
5.151
0.393
0.003
1.535
0.894
2.029
1.068
0.396
0.421
0.357
0.972
0.510
2.334
0.659
1.843
1.147
4.081
0.415
1.095
3.488
0.790
0.678
0.473
2.192
2.251
0.074
1.200
0.172
2.106
0.452
10.289
1.994
1.672
0.631
2.110
1.174
1.264
6.434
0.808
0.909
1.074
1.882
1.167
0.116
0.596
2.123
0.251
4.107
0.144
2.392
0.566
0.691
0.492
2.525
5.098
0.948
49.012
2.222
0.280
0.547
1.131
0.191
2.398
4.076
0.303
1.710
1.023
11.668
0.607
1.284
2.153
6.674
1.538
0.901
2.105
0.234
0.297
4.229
4.755
1.258
0.454
0.605
0.904
1.112
0.573
0.499
2.299
0.449
7.091
0.892
0.632
2.476
292.835
1.456
2.207
0.788
8.357
2.030
0.549
0.828
0.839
1.665
0.959
1.672
0.057
0.938
0.745
0.005
0.828
1.338
0.535
0.033
3.606
0.350
7.654
0.247
0.050
0.105
0.389
4.455
1.318
0.730
0.250
5.204
0.711
0.264
0.142
0.534
1.656
0.914
0.017
2.614
1.476
1.066
0.952
2.345
1.449
2.975
0.745
0.806
1.077
1.002
0.701
1.312
1.108
2.173
3.343
0.848
13.621
0.388
1.274
0.043
2.272
6.083
4.371
1.067
1.787
0.912
16.912
1.392
0.773
0.097
1.020
0.251
0.636
0.094
1.380
1.006
0.109
1.988
0.325
0.663
3.175
0.543
2.932
0.772
1.750
8.166
2.874
1.106
0.015
6.237
3.379
1.761
0.155
1.500
0.841
60.173
0.157
3.226
1.113
1.065
1.045
0.808
1.085
3.457
0.943
0.286
0.493
1.240
0.694
1.015
3.370
1.024
0.431
9.657
1.933
2.306
0.616
6.694
9.474
1.171
0.733
0.229
1.070
3.695
2.573
1.094
0.210
0.291
0.118
31.931
2.226
3.127
0.694
0.131
0.963
8.910
2.412
0.336
1.627
0.848
5.783
3.678
0.923
0.438
3.846
0.096
1.254
1.769
0.580
0.935
1.280
1.216
0.982
0.194
0.061
0.171
0.916
9.807
1.277
0.256
1.628
1.133
0.105
2.163
2.574
1.622
2.132
1.576
0.650
1.299
0.892
0.009
0.172
66.560
0.778
0.349
0.130
0.991
0.821
2.050
0.912
0.901
0.124
2.176
2.340
7.950
0.044
0.361
0.126
4.815
10.930
4.116
3.301
0.736
0.541
0.256
0.227
1.363
1.175
0.719
0.804
4.472
0.092
1.144
3.451
1.086
0.043
0.964
2.375
1.021
0.072
0.979
1.270
1.219
0.459
0.265
0.331
1.310
1.754
0.810
0.928
0.740
0.535
1.543
31.584
2.967
0.265
0.486
0.538
0.587
0.350
1.245
0.749
1.864
1.912
2.016
1.134
0.409
0.394
1.298
0.412
8.137
0.154
0.380
2.191
1.179
0.556
0.438
1.214
0.889
0.645
1.169
30.719
0.435
0.558
0.609
1.223
2.006
1.202
1.419
0.830
6.850
0.938
0.822
2.005
0.507
101.622
52.049
1.696
0.322
2.686
0.277
1.660
0.613
2.451
8.976
1.116
2.320
1.857
6.559
1.071
0.685
0.133
3.565
23.237
0.864
2.865
0.392
3.387
0.671
2.384
0.220
11.848
6.212
0.464
1.149
1.228
0.640
1.636
0.032
0.660
0.667
2.604
0.249
0.992
1.419
1.407
0.814
0.754
0.862
4.856
11.066
0.201
2.156
0.286
0.063
0.774
1.784
1.016
0.665
1.477
1.116
1.375
17.094
1.000
4.765
1.177
0.937
0.529
0.147
0.193
0.492
2.596
3.343
0.863
1.302
0.809
0.577
8.022
65.601
1.073
0.935
0.442
0.876
0.638
1.149
0.876
1.008
6.377
4.825
1.061
0.901
1.329
0.573
0.491
1.269
1.400
0.760
2.091
0.929
0.827
0.799
0.576
0.383
0.069
1.170
0.680
1.424
0.614
0.303
0.116
3.801
0.530
29.895
0.664
0.659
1.186
0.171
6.946
4.417
0.388
0.554
0.850
0.427
0.643
28.118
0.730
0.755
0.645
0.559
2.247
1.389
0.374
0.505
3.933
3.063
1.839
0.494
1.926
0.892
0.095
0.693
2.613
0.958
4.974
5.044
5.100
0.868
0.871
2.433
0.651
0.736
0.275
0.487
0.179
2.049
0.578
1.081
5.561
0.149
0.036
2.460
0.014
0.775
0.900
0.089
0.499
2.581
0.626
0.875
2.483
0.727
1.661
0.121
11.028
0.214
0.045
3.294
1.376
3.173
0.296
0.238
0.356
0.731
0.283
0.230
0.456
1.298
1.220
1.366
1.307
1.440
1.904
1.547
0.164
2.751
3.399
0.484
0.232
0.362
10.671
10.411
0.684
3.602
0.287
1.954
1.944
0.466
0.060
0.509
0.683
0.560
1.767
1.661
1.742
1.785
1.823
1.220
1.514
0.979
0.942
2.899
2.213
0.304
0.892
0.930
0.474
1.243
4.479
1.120
0.068
0.648
0.915
1.472
2.181
9.796
0.873
0.384
0.013
0.493
0.413
0.416
3.331
8.536
0.096
2.638
3.096
3.982
0.392
0.666
1.125
3.662
4.490
0.454
1.018
0.643
0.869
0.586
1.387
0.015
2.066
0.141
1.666
1.265
3.893
0.192
1.308
4.221
16.552
0.863
0.736
0.230
0.014
0.945
5.181
1.043
1.547
2.127
8.573
1.620
10.581
0.798
25.839
0.728
0.358
0.462
0.647
3.534
1.793
0.848
1.942
0.337
2.415
1.460
5.413
0.647
2.672
0.813
0.708
0.239
6.225
2.233
0.844
0.226
0.705
0.312
0.237
0.472
0.593
0.512
1.734
0.933
0.053
1.303
2.551
0.181
5.364
0.519
0.878
0.387
0.445
0.130
0.077
15.213
1.112
0.970
0.193
0.359
2.267
1.273
1.625
4.120
0.109
1.413
0.948
0.942
1.348
0.170
3.614
2.168
1.631
0.072
0.843
1.413
0.974
38.326
0.241
0.868
0.253
0.976
0.952
0.612
1.700
0.460
0.159
1.245
1.616
1.580
0.550
0.349
8.434
2.590
3.840
1.671
0.052
0.958
1.649
3.466
16.224
1.588
2.840
0.441
1.247
0.307
0.326
1.380
0.628
0.270
4.417
0.060
0.262
1.590
2.106
0.217
0.884
1.747
0.166
0.865
0.733
1.063
0.986
0.627
5.066
1.317
0.089
0.105
0.667
8.342
0.396
0.877
1.228
0.888
0.310
0.028
1.104
0.341
0.027
3.320
0.805
3.772
0.559
2.801
0.330
0.630
40.639
5.924
2.268
0.846
1.072
1.313
0.496
2.243
3.210
0.393
0.083
1.257
0.373
0.683
5.454
0.320
2.703
1.345
0.251
1.937
2.569
1.553
1.854
10.735
0.477
1.079
0.341
1.444
2.512
0.239
4.313
182.263
0.927
3.209
0.060
1.811
0.105
16.174
1.630
1.977
31.158
14.419
0.931
1.468
1.074
0.056
0.295
0.442
1.534
0.416
0.274
4.231
1.466
1.414
1.502
1.466
1.187
0.979
4.131
3.318
0.546
1.515
0.832
0.043
1.177
0.987
0.850
1.308
1.499
304.881
4.325
0.763
1.292
87.275
0.854
0.581
0.211
1.528
0.952
1.192
0.244
4.316
10.626
1.076
3.623
0.864
1.246
0.908
2.215
11.907
0.110
1.302
0.298
6.137
1.061
1.121
1.699
1.556
3.652
0.556
2.655
0.122
0.612
5.242
1.121
0.766
0.202
4.135
0.925
0.592
0.574
0.172
5.474
3.334
1.043
1.013
2.255
0.835
0.112
0.265
2.021
1.384
0.214
7.026
0.096
0.476
0.794
1.208
1.209
1.199
0.539
1.134
0.163
2.558
0.304
0.450
0.969
1.709
0.949
8.176
13.598
3.688
0.514
0.557
0.605
0.419
0.811
153.280
0.474
0.352
1.389
0.862
1.768
3.363
4.387
1.374
0.853
0.940
3.211
2.082
0.833
3.153
1.639
0.483
1.532
0.613
1.413
0.198
11.019
8.951
2.710
1.423
6.840
0.400
0.455
0.911
1.189
0.085
1.106
1.022
1.728
0.494
0.709
0.719
0.067
0.475
0.244
2.001
0.045
2.191
0.042
0.878
1.462
0.547
1.947
1.117
3.682
0.697
1.333
0.316
0.426
7.645
1.194
1.337
7.237
1.091
0.408
0.122
57.125
2.208
0.776
1.592
1.028
1.299
0.746
0.568
0.215
2.549
1.565
29.005
2.197
0.433
0.510
2.405
1.511
0.835
2.254
0.935
0.298
0.193
0.886
0.731
1.321
3.047
1.152
1.235
2.286
1.332
17.020
1.131
4.439
1.149
2.107
0.580
2.188
0.137
0.237
1.086
1.469
0.490
32.178
14.021
0.740
0.905
49.387
1.342
0.638
0.305
2.068
1.035
2.033
1.045
0.626
2.670
2.617
2.404
0.325
0.049
0.760
0.525
2.991
0.503
0.883
0.840
2.010
0.832
0.721
0.416
0.695
0.173
1.209
0.199
0.481
1.518
0.206
1.894
0.835
3.340
1.302
0.498
2.715
0.150
3.471
6.302
0.626
0.406
1.855
3.387
0.863
5.413
1.684
1.070
1.585
0.987
5.835
27.942
0.080
3.723
3.161
0.736
0.367
0.428
0.644
2.321
3.101
0.842
0.435
1.043
1.247
0.989
3.379
0.924
0.705
1.047
2.094
0.464
1.546
3.177
0.054
3.714
0.705
1.315
7.137
1.594
0.116
1.369
0.342
3.218
13.062
5.019
0.965
0.744
7.185
0.609
5.111
1.336
1.783
0.479
2.481
0.378
4.719
0.773
0.813
0.006
1.143
0.229
0.050
3.689
0.868
0.861
2.718
0.613
1.197
0.204
0.187
1.449
71.270
9.939
2.253
0.555
11.469
0.426
0.327
1.191
0.521
54.535
24.893
138.250
0.262
0.696
1.951
0.063
3.533
1.798
0.261
1.431
0.892
1.325
2.131
3.007
0.664
1.236
1.755
1.515
2.278
1.380
0.798
3.693
1.397
1.044
0.011
2.779
0.900
0.710
3.276
1.180
0.951
0.152
0.205
1.507
1.131
0.293
1.087
2.632
0.382
1.304
2.245
0.468
0.359
1.531
0.886
0.153
1.658
1.062
0.510
0.693
2.198
0.719
0.951
2.384
1.246
0.090
6.380
0.254
0.003
0.782
2.203
0.150
8.978
2.664
0.916
20.264
3.923
45.582
2.990
0.388
1.233
2.189
0.118
0.596
2.033
3.144
1.173
0.323
0.114
0.742
0.135
0.196
0.516
1.550
1.739
0.513
16.295
3.195
0.710
0.873
1.632
2.926
0.355
2.895
1.298
0.017
0.700
4.265
1.367
35.709
0.623
0.300
233.419
0.645
0.451
0.332
1.830
1.265
1.546
0.550
1.195
1.261
0.222
0.512
3.673
0.628
0.237
1.352
0.199
1.025
0.370
0.389
1.043
1.271
0.998
0.441
0.821
0.617
0.523
4.390
0.082
0.919
1.788
0.659
0.672
2.660
0.849
0.950
5.388
0.923
1.964
2.403
15.442
0.812
1.344
1.791
9.655
1.583
0.895
1.205
0.230
1.141
0.551
3.217
11.687
0.204
1.487
1.961
1.026
4.461
0.632
1.638
4.016
0.581
2.074
0.968
1.173
5.085
0.331
1.613
1.170
0.479
5.711
1.904
1.752
0.666
0.894
1.951
1.577
1.372
0.778
19.076
0.671
6.625
6.920
0.040
2.929
2.023
1.843
0.816
56.000
0.405
0.747
3.958
0.992
0.064
0.466
0.030
16.254
1.038
0.040
4.271
3.008
0.694
7.196
0.396
2.396
3.464
0.932
0.412
7.120
3.168
2.306
1.310
0.521
0.248
1.164
0.698
0.163
1.661
7.525
0.666
0.638
0.456
0.848
2.627
0.295
0.354
58.968
0.446
0.008
0.146
0.854
1.632
1.290
1.187
1.143
1.403
0.982
0.666
1.230
3.042
1.253
0.387
0.120
0.488
3.243
2.094
1.197
13.028
0.371
8.129
0.422
0.379
1.641
19.596
145.194
2.307
1.334
0.477
1.432
0.492
0.439
3.807
1.498
1.024
0.031
1.035
1.514
71.365
2.752
6.325
0.421
0.906
1.062
1.278
0.460
13.057
0.024
4.651
1.672
0.305
1.565
0.103
0.168
1.899
0.050
0.632
0.332
0.467
0.189
4.138
0.980
0.081
0.374
2.366
0.474
0.489
0.206
0.137
0.002
0.710
1.379
3.973
0.826
0.063
2.387
0.665
5.445
0.470
10.181
0.276
1.201
0.180
0.541
0.258
0.290
1.051
4.648
1.162
1.071
0.298
0.525
8.899
0.200
0.928
0.808
0.931
1.033
0.845
0.729
0.316
1.208
4.260
2.008
0.622
1.552
22.447
0.899
1.520
15.697
0.623
1.182
0.800
1.021
1.723
0.009
0.288
0.692
0.426
8.893
2.097
0.195
14.341
1.242
0.558
4.537
0.718
2.070
2.688
1.280
0.994
0.191
4.820
1.194
0.203
1.169
0.437
2.580
0.073
1.053
0.506
1.601
2.314
0.092
1.904
1.672
13.326
4213.333
1.181
0.644
0.903
9.278
3.613
1.484
2.086
1.386
0.727
0.349
1.869
0.158
12.025
0.868
0.915
1.626
0.475
3.289
0.335
1.780
0.742
0.722
2.155
0.786
0.093
2.012
0.386
0.586
1.484
46.947
0.469
0.692
0.374
1.713
8.627
0.860
1.359
0.512
4.850
0.358
1.169
3.025
0.478
0.967
1.016
0.344
0.706
4.514
0.762
0.974
36.374
3.514
0.600
0.876
1.647
1.636
2.232
1.295
2.615
1.575
0.807
1.736
0.761
0.267
1.893
0.642
0.348
3.187
0.596
0.845
4.777
3.115
0.354
0.110
0.975
0.338
0.720
2.309
6.344
1.452
0.106
1.638
0.036
5.146
0.697
0.700
1.012
4.099
1.049
0.223
0.066
4.426
2.350
0.814
1.188
0.483
1.049
0.404
5.031
0.817
2.818
0.429
1.989
0.381
0.081
159.814
0.165
1.963
1.294
1.193
0.238
11.444
1.307
7.810
0.417
1.007
1.066
3.090
38.465
2.826
0.118
1.523
3.336
0.229
0.061
0.765
4.059
0.119
3.042
0.003
0.211
1.148
0.444
2.732
0.653
0.363
3.176
9.278
0.723
5.180
1.966
1.823
18.205
1.038
3.550
3.354
3.828
2.937
0.210
6.498
1.588
9.455
9.038
0.976
10.002
1.127
2.518
0.077
0.058
0.559
0.161
5.076
0.655
0.277
13.125
1.077
13.523
0.347
2.201
0.376
0.282
0.165
0.296
0.864
0.249
1.275
34.251
2.208
0.997
1.000
6.856
7.799
0.904
1.982
1.140
0.408
1.787
0.115
4.939
1.225
0.763
0.215
2.873
0.712
0.669
0.875
0.105
126.339
3.482
0.302
0.342
1.310
0.734
0.713
0.017
0.716
5.585
1.542
0.422
0.425
1.063
0.128
4.292
1.471
2.648
1.817
0.755
0.522
0.574
1.334
2.692
0.017
0.369
1.259
0.740
0.572
0.848
1.105
0.777
0.928
0.752
0.162
1.056
1.196
0.021
1.770
1.927
1.267
2.990
0.147
2.604
0.823
5.400
1.203
0.581
1.062
0.721
2.332
0.979
3.269
15.227
4.100
0.222
0.664
5.310
2.542
4.380
0.738
0.453
2.400
0.391
2.122
0.429
6.988
1.712
0.829
1.880
1.352
1.103
0.633
2.290
0.689
0.131
1.608
1.228
2.351
1.020
13.703
1.117
0.389
2.021
5.545
0.337
1.285
0.578
0.017
0.476
0.892
4.591
0.935
0.731
0.429
0.897
12.462
0.056
5.341
5.348
0.758
1.313
0.377
16.676
3.817
3.278
1.186
1.829
1.304
0.749
0.906
0.631
1.695
0.371
0.213
2.761
0.515
0.134
0.881
0.493
2.552
0.732
0.810
2.150
6.113
1.462
1.691
1.169
0.076
0.132
4.348
0.042
11.970
3.778
0.479
5.860
2.190
0.987
30.554
0.853
0.163
0.397
0.129
0.078
3.542
0.517
0.514
1.630
6.012
1.015
6.501
0.654
15.727
2.082
0.240
0.484
1.174
0.880
2.948
0.330
0.169
8.435
1.472
4.759
1.912
6.284
0.123
0.565
0.778
45.346
0.276
0.461
0.316
1.417
0.938
0.446
1.105
0.099
2.089
2.066
1.067
2.558
1.385
2.515
0.989
0.550
1.903
0.671
0.109
0.986
1.256
0.662
0.006
2.241
0.474
0.114
1.779
0.447
0.050
0.960
0.829
1.791
0.418
1.501
0.226
0.246
0.204
1.775
0.821
2.117
1.535
1.800
6.245
4.218
2.426
23.145
2.427
0.489
2.612
7.032
0.204
8.499
4.524
1.893
8.860
2.873
1.739
1.018
1.168
0.055
0.876
6.344
1.768
0.539
0.415
1.750
0.388
0.162
0.801
1.056
0.620
3.418
1.237
0.852
1.489
0.957
0.896
0.364
0.304
0.022
0.350
1.046
0.200
0.535
0.173
0.855
14.646
3.610
0.898
0.427
14.234
1.699
1.415
1.058
1.775
0.951
0.203
2.283
1.428
0.184
0.964
4.059
0.740
0.573
0.256
0.351
0.472
2.339
0.676
0.149
0.509
0.509
0.600
1.438
6.155
0.514
0.427
0.431
14.712
0.584
0.723
0.701
0.865
0.574
3.597
0.558
2.145
0.136
0.171
0.195
0.388
0.883
1.041
0.526
0.950
1.360
0.867
0.817
0.102
0.285
2.427
0.510
0.769
0.870
0.884
0.789
0.916
0.341
2.606
9.946
0.155
0.565
0.295
0.495
0.183
11.238
2.724
0.486
1.693
0.564
0.943
33.484
1.535
1.875
1.517
0.920
1.218
3.708
1.012
1.754
1.416
1.185
1.532
0.441
0.560
33.097
0.853
3.497
2.248
0.976
0.378
0.547
2.801
0.973
0.882
5.678
1.204
0.557
0.101
0.494
1.179
0.775
1.202
1.175
1.143
1.787
1.649
0.405
4.108
0.833
4.323
1.172
1.525
1.053
28.917
0.524
0.071
1.469
1.028
4.159
0.099
1.929
1.428
1.123
0.582
1.009
1.731
0.792
0.773
0.329
0.346
0.582
2.523
1.617
1.349
1.212
0.704
1.381
0.917
0.348
3.696
1.258
2.671
4.055
0.152
1.096
0.215
0.772
0.870
1.395
0.081
0.657
0.290
1.569
5.742
1.109
1.499
3.264
4.188
0.615
0.364
2.678
1.458
0.428
0.548
2.030
0.125
0.151
1.533
1.183
0.690
0.468
1.905
4.411
0.908
11.597
0.901
0.837
0.793
0.336
0.682
0.246
1.750
0.808
0.630
0.175
14.396
0.381
0.195
0.340
0.604
0.789
1.353
0.116
1.226
1.787
2.043
2.876
424.310
6.020
0.540
0.731
3.549
2.886
0.880
0.925
3.477
1.170
1.275
1.560
1.341
3.369
5.222
0.622
0.628
0.418
1.486
0.555
1.192
1.613
0.574
0.484
0.251
0.936
1.900
6.792
0.254
3.202
0.483
0.582
2.258
0.221
1.397
0.515
0.172
0.682
1.837
2.756
1.616
2.100
0.392
12.395
2.781
1.263
24.809
1.743
0.529
0.041
0.923
0.019
0.631
3.380
0.418
1.142
1.222
0.101
1.357
14.711
3.355
0.535
0.627
0.122
6.449
0.149
0.415
1.290
0.706
1.843
4.604
1.018
1.416
0.317
4.120
0.686
0.614
27.461
1.892
4.526
3.420
0.421
1.804
6.874
0.215
0.410
0.985
3.171
3.787
0.517
0.420
0.853
0.853
1.006
3.433
1.305
0.654
0.763
0.939
1.386
0.742
6.457
4.666
0.314
1.353
1.379
1.160
1.638
5.199
10.970
3.597
3.168
1.391
0.214
1.411
0.691
22.353
0.655
0.448
0.998
3.747
0.381
93.319
0.371
0.962
0.794
0.299
0.118
1.134
1.086
0.038
0.205
0.564
0.009
0.215
4.628
4.112
1.136
1.585
0.182
0.671
1.696
1.215
1.046
0.069
0.383
2.189
10.207
0.076
0.739
0.560
8.245
6.231
3.091
1.508
3.324
0.457
0.414
0.936
3.924
2.042
1.372
0.914
0.404
2.173
0.052
0.180
4.413
2.334
0.299
0.573
1.156
1.708
0.154
0.355
0.750
0.561
0.564
1.417
1.040
0.335
4.861
1.016
0.189
34.331
3.388
1.175
0.980
0.171
0.677
0.214
3.816
1.402
1.516
0.655
0.169
0.586
0.206
1.075
1.180
2.416
0.743
0.993
0.672
0.851
1.055
0.989
0.783
0.965
0.195
0.113
0.401
0.487
3.851
0.469
1.236
0.516
1.813
0.183
0.042
0.971
0.556
1.107
1.039
0.390
0.154
0.378
0.775
3.525
1.242
0.806
1.408
0.704
0.284
0.636
35.279
1.926
0.234
0.184
1.244
0.866
73.429
1.099
0.289
0.522
0.322
1.392
0.825
0.193
0.125
0.218
3.321
4.506
2.481
0.779
2.164
1.248
3.455
2.393
2.109
0.686
0.987
1.023
1.626
1.955
0.586
1.188
0.276
0.417
2.027
0.369
4.594
0.529
15.512
0.310
0.482
2.549
3.674
0.511
1.043
1.585
1.238
1.568
1.670
0.553
0.867
0.875
0.274
0.325
0.256
8.279
3.079
1.742
0.797
0.157
0.579
12.216
0.835
1.675
5.240
4.963
0.081
1.887
0.685
0.071
0.194
9.292
0.770
0.163
0.006
0.503
1.175
1.399
0.057
2.915
7.840
20.209
2.775
0.824
11.720
1.303
3.112
1.169
2.697
0.398
0.882
1.471
0.682
0.154
1.958
0.155
21.148
7.280
0.538
1.306
0.833
0.079
4.002
0.166
3.118
2.495
2.902
4.002
0.361
23.267
0.555
0.724
0.010
1.034
0.296
1.151
0.265
0.039
0.486
7.331
2.888
0.380
0.775
4.344
0.373
0.319
0.461
0.386
4.013
0.476
4.003
0.471
2.659
1.007
0.663
10.884
6.568
1.262
0.400
0.960
6.675
0.867
1.499
0.190
1.056
0.223
0.819
1.044
2.410
1.111
1.149
0.092
0.745
1.799
3.054
2.307
1.111
1.057
0.839
1.028
3.728
1.022
3.108
0.298
2.284
3.677
0.272
0.679
0.510
1.201
0.822
0.095
1.733
0.201
0.874
1.385
0.166
7.806
1.017
2.392
1.145
1.905
3.527
0.327
1.328
9.798
0.459
0.074
0.924
1.027
3.000
1.811
0.262
1.157
4.156
0.464
0.231
1.155
0.914
3.603
0.868
22.407
1.187
0.796
0.349
0.198
1.153
2.386
0.400
0.667
5.952
0.666
0.098
0.062
1.183
0.960
1.159
79.700
0.604
7.123
0.703
0.113
1.091
13.158
0.033
0.849
1.463
1.279
5.027
0.903
9.264
1.627
0.545
0.149
0.942
16.399
0.857
7.584
0.799
0.030
0.949
13.058
0.903
0.628
0.789
0.213
0.684
0.563
17.208
0.360
0.971
0.807
1.221
1.650
1.755
0.625
1.131
0.049
70.231
9.358
1.847
1.040
0.383
3.975
1.010
1.147
2.328
0.730
6.146
0.240
1.471
0.845
4.520
0.819
0.215
1.000
0.541
0.288
0.677
1.941
4.873
8.120
3.005
1.108
0.086
0.674
4.597
0.314
192.333
0.016
0.200
1.198
0.143
2.279
0.458
0.098
0.283
1.547
0.174
0.114
1.474
1.013
2.068
1.335
0.066
0.639
3.338
0.235
0.883
9.674
1.461
0.730
0.699
0.283
0.002
0.052
0.855
1.144
5.600
59.511
0.256
1.910
5.266
0.204
0.075
1.446
2.351
0.623
0.691
9.315
0.827
1.393
3.019
0.738
0.243
1.119
0.249
0.371
1.878
0.899
3.335
1.758
0.912
1.124
0.400
1.472
2.131
0.883
31.405
0.923
0.844
18.124
0.205
0.404
2.651
0.680
1.472
0.579
6.593
0.469
0.693
10.331
0.069
0.659
1.276
3.233
0.960
0.752
3.514
0.883
3.407
0.345
3.101
0.935
0.080
0.217
2.002
7.870
1.473
0.100
0.402
0.709
0.980
0.593
0.685
0.848
1.773
1.812
35.111
2.640
0.542
1.625
0.250
0.605
0.096
0.513
0.021
1.379
2.051
0.243
0.878
0.922
0.578
1.217
1.653
0.907
0.981
0.607
0.746
0.150
1.047
0.277
3.398
55.501
0.587
0.183
0.231
0.115
12.604
0.376
0.082
34.050
5.294
1.279
0.126
2.043
5.895
0.450
16.976
0.806
1.989
0.397
1.028
18.924
0.653
0.679
0.658
0.393
1.934
1.608
0.735
0.143
2.656
0.527
0.539
0.337
1.113
0.411
0.572
0.953
2.372
3.771
0.849
1.630
0.454
0.423
0.018
2.329
1.046
0.203
1.079
2.749
0.674
2.884
0.681
1.163
1.218
1.879
0.442
2.803
0.752
3.417
0.237
1.856
0.558
2.582
1.942
2.442
2.586
2.047
0.243
0.108
1.769
0.170
0.391
1.238
0.721
2.486
0.295
0.344
0.623
0.516
17.486
1.290
5.750
2.392
0.326
0.375
0.458
0.357
4.810
0.662
7.224
1.558
0.852
1.153
1.579
9.240
1.195
1.322
3.624
0.456
1.046
0.660
1.272
0.665
4.355
0.757
1.055
1.838
0.600
0.552
0.695
0.061
0.035
0.669
0.303
0.519
1.043
23.919
1.070
1.362
0.515
0.735
3.852
12.338
5.252
0.958
0.004
4.431
0.060
1.299
31.269
0.478
1.759
1.086
1.383
0.235
1.221
0.339
0.867
1.210
0.243
0.923
463.804
0.475
1.478
809.000
1.430
0.572
1.332
42.978
0.128
0.929
5.098
0.318
1.359
0.883
0.307
2.041
2.099
1.159
1.569
8.549
0.082
1.508
9.096
1.037
2.698
0.178
2.464
0.055
1.575
0.214
1.534
7.037
1.337
37.392
1.417
0.254
0.393
0.946
0.790
1.501
1.606
0.353
0.219
0.061
1.364
4.104
1.518
5.839
5.841
0.518
0.519
2.250
0.254
1.240
2.362
0.442
1.198
0.233
0.461
0.655
0.152
0.516
0.209
1.220
0.723
146.259
0.745
5.766
2.207
11.758
0.961
26.053
0.803
1.263
4.225
2.517
1.242
0.336
29.367
0.013
2.607
1.487
0.444
0.559
0.537
0.194
2.113
0.175
0.727
0.424
1.791
9.108
1.427
0.907
0.958
0.218
0.386
4.128
0.206
1.907
3.373
1.126
1.454
0.276
18.666
1.574
1.675
0.695
3.561
1.768
5.269
0.580
0.071
1.678
2.505
1.141
1.826
0.695
1.643
0.030
1.247
1.270
0.491
2.204
0.961
0.972
0.390
1.898
5.239
0.586
0.265
0.994
1.040
1.944
0.195
0.002
0.338
0.535
2.299
0.834
2.527
0.899
24.872
0.268
3.086
4.667
0.640
0.113
68.408
1.415
0.569
0.826
0.660
4.674
3.613
0.581
0.088
3.555
5.322
0.908
0.399
0.524
0.485
1.200
1.799
0.143
4.254
5.355
0.268
3.398
0.898
2.052
1.841
0.513
1.724
2.841
0.159
0.927
1.537
1.009
1.587
1.560
1.880
0.422
0.538
0.757
0.585
1.571
0.895
25.166
4.204
0.593
0.182
2.005
0.041
1.266
0.723
0.052
0.585
0.717
0.195
0.994
0.394
0.239
0.452
0.237
4.233
12.796
0.611
0.245
1.414
172.982
53.872
3.218
0.090
3.040
2.778
0.389
2.216
1.347
0.219
1.013
0.748
2.730
1.119
1.285
0.799
5.287
2.154
0.474
1.107
0.568
2.639
0.928
1.922
1.248
1.122
2.675
1.204
3.624
2.612
1.190
1.990
4.518
1.114
0.948
0.804
2.430
0.416
1.148
0.042
2.566
1.689
5.043
1.712
0.117
3.257
0.526
2.271
1.487
0.502
1.039
4.220
3.110
0.064
0.875
2.351
0.494
2.022
0.938
1.785
0.739
0.587
0.321
0.674
0.643
31.567
0.861
1.067
0.832
1.222
0.793
1.313
0.475
0.113
0.731
1.250
0.811
1.032
0.720
4.968
7.535
12.204
1.304
0.168
1.268
1.169
0.484
0.707
0.811
1.054
0.089
0.214
1.851
1.117
2.662
0.258
0.624
0.997
0.226
3.390
0.430
0.716
0.511
2.254
1.018
0.032
2.194
0.257
8.750
1.921
0.437
1.746
0.100
1.648
2.091
0.089
1.227
2.270
1.113
0.193
2.568
0.698
1.511
0.486
2.672
2.006
5.443
0.552
0.297
3.576
0.540
1.162
5.810
0.617
0.467
1.341
1.284
1.074
0.378
8.037
2.372
8.761
1.140
4.204
38.472
1.436
0.405
1.874
0.120
3.308
0.795
1.438
0.153
1.374
0.055
4.800
0.843
0.830
0.680
1.039
2.556
1.060
1.563
0.468
0.881
2.635
0.722
1.894
1.510
1.518
0.520
1.070
1.009
1.330
1.096
0.731
3.741
0.554
2.664
0.593
1.199
0.747
8.122
1.870
0.760
0.985
18.915
0.312
2.885
1.287
0.618
0.907
0.614
0.111
0.690
0.358
0.693
0.445
1.245
1.403
0.816
3.351
2.299
0.561
0.691
0.699
50.558
0.025
0.535
1.784
0.730
2.072
14.619
0.578
0.801
0.682
0.776
3.584
0.238
0.885
0.608
1.513
0.229
0.685
0.737
1.701
0.802
2.253
1.048
14.231
0.103
0.226
0.136
1.341
0.784
1.092
0.270
0.329
0.266
5.306
122.705
2.130
0.451
2.663
0.364
0.129
0.649
0.273
0.472
1.191
35.563
2.171
1.457
4.058
0.819
0.497
0.266
2.775
2.552
0.478
7.394
1.434
3.855
1.601
1.328
1.501
0.746
1.633
3.402
0.571
17.138
1.003
1.879
0.843
0.851
0.500
1.299
0.044
3.191
2.275
1.169
7.495
0.082
1.230
0.534
0.820
0.958
1.862
1.307
0.303
0.917
1.076
0.775
0.789
18.758
5.170
0.776
0.565
1.288
0.185
0.011
178.944
2.330
0.920
0.426
0.474
0.129
0.918
4.455
0.489
2.253
5.203
1.700
0.892
454.563
2.322
3.231
0.165
0.454
9.419
5.094
2.102
2.920
1.119
0.812
1.179
0.825
0.524
0.246
0.234
0.019
1.309
1.539
0.037
0.150
2.708
0.391
0.681
0.409
0.932
1.320
2.812
1.107
1.527
9.828
0.256
2.134
2.209
0.053
1.392
13.875
1.029
1.136
0.429
1.408
0.256
0.555
7.343
0.515
1.230
3.775
0.760
0.911
0.363
2.271
0.368
0.659
0.680
0.709
0.995
0.556
0.412
13.850
1.245
2.282
1.676
0.569
0.606
1.165
0.281
1.706
1.167
2.104
2.318
1.713
1.403
1.878
1.575
0.826
1.492
0.117
3.755
2.416
0.228
0.851
6.189
0.446
1.620
1.146
0.540
0.393
0.389
0.440
1.973
0.210
2.156
0.403
0.327
0.781
0.556
3.417
0.628
1.977
1.117
1.587
1.643
1.106
35.522
26.548
0.577
15.716
0.865
0.252
0.845
0.943
0.550
0.711
2.660
1.607
0.138
9.895
0.013
1.011
0.843
2.378
1.583
0.445
5.550
1.799
1.302
1.737
507.149
0.334
0.297
0.172
0.969
0.357
0.214
0.342
0.918
2.548
0.729
0.294
0.501
2.023
1.445
0.163
0.666
1.885
1.230
0.843
0.263
1.816
20.836
1.039
0.793
1.747
0.870
0.392
2.103
0.217
1.098
1.848
0.728
1.233
2.896
0.655
0.247
1.042
0.002
0.563
0.196
18.439
1.968
0.163
1.230
0.825
0.081
1.046
2.073
1.346
2.604
0.397
0.199
0.666
1.087
1.381
0.280
0.460
1.866
35.078
0.524
0.554
3.396
0.023
0.289
3.153
0.104
0.670
1.373
8.624
1.002
0.837
0.469
45.117
6.019
0.263
2.015
376.287
0.496
0.778
0.170
0.056
0.919
0.638
0.030
4.544
0.161
4.680
1.355
2.906
0.588
0.863
25.450
0.145
1.053
0.999
0.772
0.115
28.864
0.294
1.144
0.623
0.349
0.666
0.275
3.047
0.937
0.931
0.195
0.182
0.425
1.291
1.172
6.008
0.513
0.768
0.416
0.717
0.556
2.607
0.602
1.014
1.574
0.909
1.907
1.046
1.059
7.967
0.817
0.413
0.225
0.416
2.330
0.918
4.925
0.184
2.867
1.253
2.467
0.946
0.657
0.362
2.786
0.134
1.940
0.714
0.558
0.963
5.513
1.068
1.318
1.132
15.022
1.886
4.686
0.079
0.811
0.426
1.796
1.087
2.134
1.039
0.349
1.328
0.042
0.110
0.102
2.411
0.668
1.956
1.982
4.396
0.186
0.270
5.804
0.885
5.979
1.029
0.449
0.259
0.253
0.101
2.604
0.944
1.080
1.039
0.757
0.482
5.599
1.157
1.290
0.241
1.306
1.075
0.221
2.495
1.231
0.204
3.310
0.031
1.315
6.173
0.149
4.622
0.146
2.158
0.262
0.388
0.461
1.301
4.677
0.894
10.939
0.872
2.888
0.646
10.000
0.215
1.319
0.555
0.092
1.155
1.791
1.873
0.173
0.459
1.316
0.051
0.193
0.495
0.138
3.300
0.112
1.425
2.397
1.744
5.748
1.267
1.540
0.825
1.613
4.968
2.263
1.503
7.476
2.240
2.426
0.639
1.728
1.553
0.550
0.651
0.825
1.209
0.937
6.631
0.722
1.405
13.341
0.030
0.032
0.544
6.057
1.135
0.000
1.217
0.015
0.820
0.208
0.145
0.189
1.711
0.200
1.968
0.643
1.176
1.714
0.252
2.682
1.295
1.304
23.856
0.934
3.074
1.405
2.792
24.651
0.870
0.871
0.427
0.811
1.284
1.452
0.286
0.154
2.891
1.464
2.660
0.433
0.887
10.131
3.618
0.399
46.130
0.690
1.412
18.276
0.610
0.669
1.814
18.213
0.679
1.204
2.274
0.849
0.995
12.907
0.980
0.210
0.611
0.554
1.951
1.463
1.577
0.620
0.120
0.428
0.739
1.621
2.685
1.152
0.162
2.307
0.826
1.294
1.033
2.331
4.736
1.273
0.099
1.484
2.066
0.114
0.723
1.774
0.268
3.939
0.847
2.183
0.232
2.273
0.391
28.722
0.163
1.135
0.393
1.157
0.402
0.169
2.278
0.595
0.073
0.637
0.667
0.290
1.218
0.284
5.619
0.392
0.819
0.554
1.763
5.683
1.765
2.027
0.062
0.084
0.268
14.081
1.143
0.884
1.352
0.121
0.560
1.198
3.762
5.295
0.693
0.792
9.743
0.286
2.745
0.595
0.252
0.936
1.078
4.902
0.542
6.766
0.402
3.161
5.121
3.053
6.704
3.196
1.620
0.423
3.229
0.274
0.254
1.013
4.675
0.390
3.981
1.134
5.502
0.361
1.031
0.809
2.976
1.185
0.501
1.585
0.162
0.042
11.861
0.421
1.422
0.968
0.700
1.045
0.334
10.542
6.388
1.769
0.446
1.310
0.308
2.273
2.115
1.638
0.988
0.986
4.669
11.356
1.027
0.218
1.522
9.113
0.733
0.309
153.760
0.080
0.993
2.627
2.074
2.837
3.414
15.377
0.750
0.437
21.938
1.898
1.009
0.134
2.293
1.069
0.259
1.356
0.387
6.433
0.646
3.482
3.435
2.466
1.400
10.217
9.371
0.750
0.122
0.627
0.543
1.421
1.670
1.288
0.823
0.999
1.149
3.852
1.052
1.059
0.749
3.918
0.541
9.732
0.635
0.775
1.141
1.160
0.976
3.000
5.168
0.299
0.991
0.563
0.646
0.938
0.303
6.092
2.922
0.810
27.587
2.051
0.187
0.625
0.889
0.060
1.338
2.151
0.826
0.748
0.364
0.607
0.371
4.727
0.690
1.505
1.597
1.316
0.200
0.536
0.500
0.132
0.657
0.132
0.103
2.081
4.516
3.055
1.710
2.154
2.439
3.016
1.249
0.357
1.472
1.947
0.464
0.491
0.978
1.034
0.248
0.914
2.140
0.304
1.292
0.453
1.401
5.974
1.603
1.561
0.075
1.254
0.107
1.060
0.981
0.440
0.859
1.070
5.181
0.590
1.520
1.538
0.310
0.267
1.155
1.097
1.301
0.801
2.056
0.483
1.166
0.345
1.798
0.018
3.713
6.186
0.197
0.328
0.050
0.747
14.599
0.345
0.426
0.589
0.671
42.598
3.097
0.886
0.408
0.787
1.927
1.306
1.311
0.715
44.338
0.849
0.354
0.761
0.495
0.951
1.261
1.045
3.243
1.337
4.181
0.168
0.074
1.101
0.995
0.934
1.366
0.936
0.010
16.880
0.660
3.993
0.001
2.581
0.705
1.019
0.730
6.898
1.216
0.992
0.949
1.078
3.896
0.439
3.513
0.571
2.906
0.054
1.040
3.928
2.302
0.655
1.972
0.275
3.401
0.214
1.291
1.648
0.066
0.001
1.540
4.519
4.717
0.435
0.736
0.904
0.014
0.105
0.483
1.069
55.220
13.556
1.964
0.108
0.770
4.168
0.431
1.087
0.382
0.278
0.359
0.695
1.167
0.302
1.452
0.055
9.994
1.012
0.406
0.511
1.249
2.768
0.202
0.216
1.177
15.786
1.032
1.027
23.091
0.265
1.200
0.091
0.383
1.318
1.288
0.763
1.757
5.483
0.703
93.464
2.808
6.670
3.880
3.566
1.137
0.274
1.513
0.362
0.215
2.567
1.784
0.885
0.314
5.744
1.257
0.730
0.281
1.454
1.190
0.391
7.601
1.284
0.409
13.060
1.203
1.148
1.646
1.457
0.578
0.513
2.013
38.692
2.264
0.614
1.307
0.025
1.260
2.015
0.231
0.093
0.083
2.277
0.766
1.131
0.712
0.260
1.154
2.061
0.203
0.805
0.311
0.582
0.162
2.194
2.229
0.187
1.146
0.234
1.895
1.108
0.882
17.623
0.994
0.364
2.468
1.094
11.348
0.859
2.323
1.362
2.423
0.862
4.911
0.788
2.156
3.170
0.885
1.575
0.995
1.818
1.032
1.192
0.149
1.033
1.954
1.943
2.680
1.204
0.934
1.783
17.181
0.610
0.729
7.464
4.326
2.199
2.620
1.269
1.048
0.188
2.348
0.281
0.052
0.744
1.139
1.019
1.171
0.755
0.989
34.371
1.113
0.765
0.462
1.291
7.374
11.599
0.893
0.720
1.496
1.171
0.434
0.154
0.061
3.862
0.192
2.940
5.318
0.594
0.700
7.383
0.513
4.748
2.004
2.561
1.068
1.021
0.487
0.370
28.187
0.258
2.263
0.082
0.131
0.090
4.457
0.385
2.765
1.137
0.980
0.635
0.310
0.092
0.840
0.367
0.575
0.774
0.961
1.100
0.636
40.803
0.246
1.986
0.958
0.520
1.486
7.670
1.807
4.921
1.411
1.332
0.765
0.290
0.984
1.448
0.840
0.836
0.140
1.137
0.522
3.152
0.647
10.239
1.631
5.116
5.392
0.097
0.599
0.336
1.261
1.501
1.468
0.173
6.041
1.664
1.204
0.932
1.021
1.544
1.315
0.952
1.144
0.728
6.196
1.529
0.491
33.610
0.807
0.535
1.489
2.039
1.044
1.003
0.835
0.637
0.493
1.270
1.756
0.851
3.598
1.323
0.595
1.052
37.886
1.469
1.306
0.774
0.460
0.027
24.902
11.537
0.028
0.604
0.070
0.884
0.725
3.251
1.775
1.086
1.382
0.399
1.474
0.423
2.807
1.338
0.512
0.599
0.958
0.408
1.402
3.028
3.440
0.045
1.042
0.353
0.399
1.609
0.026
4.036
0.036
0.363
0.515
1.878
0.922
0.049
2.122
0.317
0.744
0.409
0.227
0.150
0.952
0.234
0.393
0.720
0.935
0.245
4.222
1.299
0.278
1.929
1.378
2.483
30.465
0.305
0.023
1.421
1.975
1.575
4.507
1.261
3.514
0.784
0.269
1.472
0.962
5.435
1.716
1.549
0.111
3.803
0.789
1.137
0.263
1.185
1.234
2.563
4.160
0.788
10.080
2.510
0.949
1.233
45.695
0.260
1.884
201.222
0.600
0.497
0.264
0.889
2.142
0.259
1.975
9.012
0.719
1.234
2.418
5.421
2.180
0.945
5.172
0.847
2.902
7.799
1.865
0.657
0.356
0.612
0.272
0.285
0.741
0.226
0.619
13.630
0.148
0.855
1.135
0.326
1.870
0.780
0.376
0.700
0.248
7.623
5.984
0.633
4.556
0.288
1.458
5.679
1.286
1.701
2.311
1.412
0.424
2.287
1.000
0.393
0.629
1.206
0.436
0.054
1.061
0.112
0.486
4.689
0.668
0.906
2.272
0.847
1.008
0.524
0.485
0.448
1.728
3.652
0.875
1.748
1.826
0.580
0.349
1.080
0.675
1.119
3.251
0.587
0.160
0.537
0.335
0.256
1.006
3.700
0.087
1.042
1.486
0.965
12.428
0.194
2.320
0.411
0.185
0.423
0.287
0.759
6.225
1.136
0.451
0.302
6.495
0.225
1.079
1.338
0.587
1.153
0.774
1.121
4.682
0.609
1.046
3.046
4.252
0.495
0.309
2.354
1.712
17.316
4.278
0.965
0.833
0.294
2.507
0.585
19.623
0.949
0.117
0.411
0.500
0.316
1.112
0.508
3.816
0.164
3.727
0.098
1.375
0.710
0.642
0.966
0.584
0.781
9.254
2.542
0.944
0.167
1.721
1.269
7.612
0.648
2.120
2.285
0.034
1.183
2.343
0.650
0.173
3.025
0.326
1.618
0.493
1.060
2.054
0.509
0.856
1.175
0.670
0.558
0.806
1.755
0.731
0.158
0.383
1.531
0.627
6.226
1.816
0.087
13.475
6.252
0.094
1.375
0.803
0.689
1.287
1.484
0.401
0.490
1.146
0.547
1.183
0.321
2.487
0.819
0.667
1.152
0.220
9.232
0.251
0.350
1.081
2.041
1.058
0.681
27.643
4.429
7.171
1.702
5.826
1.023
2.391
2.824
0.990
0.298
3.302
4.152
1.330
1.761
0.121
1.085
1.307
1.359
2.166
2.026
1.396
0.599
119.175
1.098
0.774
0.339
25.663
0.909
1.831
0.778
0.529
1.065
0.557
0.825
0.930
3.987
15.546
0.846
3.587
0.566
1.179
1.442
0.090
1.968
54.396
1.116
1.296
0.766
3.762
1.504
1.051
0.778
0.772
2.653
5.255
0.793
0.709
1.224
0.773
0.178
10.296
2.613
0.664
1.644
0.642
0.637
0.556
0.914
8.944
10.583
0.072
0.817
0.415
3.279
1.268
0.302
0.511
0.395
0.360
0.138
0.720
1.317
2.292
0.907
2.648
0.051
0.568
0.842
0.688
0.088
1.220
1.260
1.005
4.928
0.828
16.357
0.281
2.112
0.801
1.398
1.094
1.407
1.706
0.619
0.610
0.655
2.616
45.408
2.568
6.815
0.154
0.202
1.171
21.736
0.156
658.857
0.824
1.072
0.807
0.029
1.072
9.211
5.593
0.889
5.687
0.096
0.731
0.732
0.254
1.906
5.094
2.874
1.552
0.659
7.543
0.051
0.645
0.525
1.896
5.368
0.655
0.802
0.243
3.410
1.136
0.383
0.508
1.442
0.487
18.147
2.347
0.227
1.386
1.258
0.405
1.207
1.080
1.681
1.057
0.495
2.087
1.247
0.094
1.588
881.308
5.315
1.171
0.845
1.679
1.573
1.020
1.685
0.204
2.941
1.068
21.701
3.204
8.574
0.430
0.149
0.380
1.370
0.293
1.285
1.328
20.857
0.010
0.356
0.463
0.863
0.516
4.247
0.973
0.902
0.067
1.537
0.380
0.930
14.960
0.231
95.349
1.085
2.016
5.735
0.429
3.199
14.500
0.218
15.654
0.341
1.605
1.255
0.558
0.312
1.038
1.134
0.562
3.464
0.079
1.404
1.544
1.923
10.631
1.027
0.692
1.173
0.157
1.331
2.059
0.916
0.112
0.977
0.735
3.798
2.214
0.623
0.368
2.277
0.368
0.569
1.353
1.008
1.780
0.046
1.172
40.891
0.167
0.299
0.659
1.579
1.160
0.978
0.279
0.232
10.609
2.357
2.185
1.127
0.727
0.096
3.616
1.008
1.612
0.650
0.002
0.812
0.735
2.318
1.135
0.856
1.112
1.786
1.071
12.520
1.123
0.770
19.134
0.871
0.644
0.335
0.733
1.266
0.661
1.614
14.966
1.207
0.511
0.431
5.007
1.460
1.376
0.945
1.305
0.555
0.220
1.225
0.221
0.664
0.653
1.309
0.889
1.903
0.546
0.109
0.654
1.375
2.750
0.720
3.000
0.161
1.014
21.830
1.339
2.037
1.506
23.276
0.430
0.601
5.207
0.862
1.061
1.043
0.624
0.152
0.769
26.632
0.039
0.139
1.225
1.176
1.268
0.373
0.202
4.909
0.814
1.378
0.984
8.424
5.889
0.490
0.100
1.484
0.969
0.565
1.971
0.613
2.556
0.166
0.690
0.829
1.034
1.286
0.885
0.506
0.657
0.439
5.388
0.737
6.290
0.276
1.659
6.006
0.901
0.468
3.780
0.169
0.827
1.957
9.953
2.427
0.276
0.740
3.487
0.598
1.638
0.196
1.183
5.495
0.132
3.352
0.366
0.269
1.001
0.777
0.852
0.795
0.357
1.610
3.374
0.370
0.773
1.059
1.054
7.477
1.186
0.267
0.552
2.215
0.665
0.946
3.454
1.231
1.981
1.177
5.698
0.601
2.976
0.050
5.894
0.662
0.254
0.816
2.817
0.395
16.398
0.983
15.214
5.302
1.775
1.046
0.710
0.114
0.343
1.222
1.214
0.874
0.289
0.404
1.855
0.700
8.183
7.855
0.246
0.840
8.366
0.864
0.132
1.018
0.303
0.685
1.397
0.534
2.310
0.278
0.893
0.320
6.501
1.185
2.133
22.378
2.422
0.523
1.078
1.033
2.453
1.140
0.316
1.028
5.901
1.272
0.061
0.789
22.570
0.467
0.467
2.388
0.281
0.391
2.678
5.316
1.183
1.425
0.672
0.904
2.941
1.967
0.446
0.153
5.328
1.307
0.494
12.101
1.015
2.563
0.046
1.903
3.874
1.266
1.124
1.061
0.909
0.382
1.444
0.563
3.777
0.726
3.286
0.200
1.162
0.851
0.797
1.180
0.361
0.058
0.581
3.000
1.109
2.861
0.765
2.850
1.583
4.336
0.001
1.579
4.964
2.097
1.224
2.485
2.064
1.626
0.003
0.709
0.735
11.356
54.295
3.165
0.702
0.833
2.373
1.231
0.460
1.829
0.298
1.161
51.857
8.075
1.296
2.509
0.002
0.223
0.342
9.952
1.011
0.654
0.586
12.272
0.364
1.078
0.829
3.288
7.653
0.075
0.567
1.842
0.795
0.522
1.461
3.967
0.114
0.182
0.736
2.255
2.140
0.767
1.354
0.882
0.531
3.303
0.308
11.763
1.815
1.428
0.779
0.562
2.975
7.151
0.404
0.637
1.145
0.822
0.970
1.286
2.471
2.118
2.317
1.643
0.507
0.722
0.046
8.330
0.357
0.091
2.191
0.793
1.237
0.494
5.017
1.432
0.473
1.099
1.118
0.428
0.240
2.046
12.447
0.449
37.229
0.394
0.872
1.054
1.134
0.650
2.189
12.960
1.148
1.027
4.223
0.697
0.427
5.332
118.941
1.459
1.423
0.793
1.419
0.483
1.090
1.846
5.883
2.567
2.885
1.680
1.225
1.773
0.233
1.023
3.296
0.336
1.217
0.099
1.599
5.504
0.659
0.572
1.871
0.608
1.156
2.063
2.990
0.225
0.480
1.171
1.282
0.417
2.312
1.588
2.348
4.910
0.607
0.282
0.117
10.304
1.025
4.199
0.910
1.560
1.086
0.139
0.950
0.721
0.890
7.392
0.718
1.028
0.129
0.218
0.927
0.046
3.013
1.298
2.499
0.560
0.105
0.622
0.241
2.117
0.887
0.265
0.427
0.278
6.734
2.131
1.423
0.027
0.415
0.439
0.821
0.635
0.792
1.805
2.225
3.980
2.035
1.355
16.289
4.434
1.207
0.392
1.060
0.259
0.423
1.021
2.629
17.382
3.051
1.019
0.560
0.285
3.310
3.626
1.296
0.617
0.558
2.408
0.897
0.235
2.349
0.723
8.886
1.147
0.279
1.590
0.717
4.509
1.317
1.012
384.347
3.632
6.941
0.581
4.999
0.326
4.200
25.493
1.078
3.163
0.567
1.761
1.147
1.096
1.223
0.884
0.890
3.691
1.222
2.472
1.332
3.507
0.771
0.189
0.636
3.088
0.307
0.036
4.337
0.181
1.111
2.884
0.518
4.782
0.731
4.862
12.912
0.597
0.537
1.566
1.302
0.400
21.925
2.161
1.582
0.037
1.026
0.921
0.470
1.761
0.748
8.379
0.903
1.024
4.774
2.657
1.103
0.786
1.167
0.905
0.245
0.464
0.940
0.281
0.080
1.280
0.277
0.947
0.365
0.575
12.961
2.682
1.706
1.368
1.315
0.453
0.766
1.913
1.976
0.566
0.286
0.963
0.558
3.019
2.071
0.103
1.535
1.154
0.733
0.845
0.502
0.300
0.586
1.041
1.363
0.651
0.540
0.134
2.058
2.847
103.980
1.123
2.111
1.474
0.670
1.477
1.450
0.335
0.050
0.596
0.264
2.298
1.243
0.716
0.835
2.802
0.239
0.969
69.997
1.070
1.997
1.268
0.918
0.147
3.237
1.024
0.512
0.758
12.066
3.346
1.908
0.119
0.803
0.186
0.314
1.579
1.094
0.972
4.995
2.031
0.159
3.648
0.048
0.262
0.150
1.173
0.598
2.655
1.516
0.831
7.875
0.525
1.127
24.313
0.943
0.461
0.377
7.637
2.101
0.561
0.397
0.794
0.812
1.322
1.121
0.669
3.055
41.642
1.598
1.920
0.549
1.116
0.508
3.887
0.730
1.276
0.623
3.115
0.871
1.716
5.315
0.476
0.804
0.966
1.140
2.500
0.232
0.033
5.215
0.982
0.313
0.372
0.382
4.602
1.146
0.397
1.493
5.062
0.336
1.179
10.903
0.264
3.339
0.410
42.445
0.084
0.938
0.310
16.251
0.916
0.780
1.252
1.057
3.635
0.570
0.187
4.411
11.238
0.988
0.281
0.516
1.618
1.130
1.754
3.126
1.594
2.763
0.120
2.946
0.843
0.015
1.693
0.637
0.851
0.285
2.005
0.275
2.993
0.033
13.686
0.958
1.417
0.789
0.854
0.313
0.703
1.864
0.041
2.403
199.000
0.815
0.652
1.304
0.396
0.153
0.514
0.735
8.581
4.156
0.158
3.222
1.014
0.995
6.217
29.359
0.275
0.739
1.284
2.423
7.309
0.442
0.771
0.434
3.785
2.202
2.864
0.538
0.224
0.871
0.303
0.084
0.152
1.519
0.134
6.880
0.001
0.700
0.089
3.516
0.595
0.526
0.325
0.003
2.647
0.842
2.735
0.980
0.729
1.557
3.560
0.416
0.468
0.278
0.212
0.185
2.464
3.535
0.834
1.381
0.423
2.641
16.896
0.134
1.023
1.339
0.242
0.181
11.503
0.235
0.012
0.984
0.355
1.328
0.037
0.406
5.402
0.754
2.342
0.698
0.932
0.180
1.214
0.531
1.225
0.164
0.589
1.330
69.738
0.272
0.197
8.005
0.823
12.559
0.959
360.636
0.082
0.474
0.183
0.998
0.243
1.175
1.019
2.163
1.053
0.707
0.893
1.556
0.405
2.390
11.633
2.569
0.726
1.590
0.219
0.115
0.026
0.207
0.158
0.027
16.998
8.552
2.490
10.218
5.134
0.061
0.626
1.385
0.216
1.133
15.212
68.710
2.044
6.635
0.620
0.407
0.501
9.900
1.993
1.828
4.267
0.187
3.579
0.387
0.270
0.844
2.532
1.312
8.104
0.900
1.021
1.368
0.826
0.729
0.585
0.277
13.232
0.808
0.878
0.889
23.766
1.062
0.301
0.333
0.444
0.161
1.990
0.806
0.786
0.282
1.203
1.576
0.032
0.481
8.141
1.097
1.200
0.451
0.138
0.534
0.987
0.944
3.400
1.191
1.199
1.071
7.265
0.098
2.374
1.193
6.777
0.357
2.609
1.292
0.677
0.524
1.347
0.857
1.483
0.590
0.882
18.069
0.873
0.278
0.155
0.416
0.908
0.115
1.755
2.434
0.768
1.379
1.080
0.850
0.113
0.588
0.705
0.583
0.708
1.962
0.278
0.638
1.811
2.048
0.346
2.734
1.057
1.415
3.412
0.872
7.692
0.648
1.663
0.054
0.848
0.777
0.134
2.483
0.998
0.992
5.466
0.694
1.387
0.736
0.717
10.560
1.989
1.579
2.143
0.802
0.826
5.722
0.677
8.601
1.059
0.975
1.626
1.133
0.982
2.018
0.143
0.589
0.814
0.107
1.710
0.186
1.304
0.500
16.329
46.594
1.728
1.159
1.481
1.427
9.860
4.303
0.314
0.665
1.070
0.438
0.668
2.694
4.583
0.749
14.225
0.944
3.502
1.850
0.484
0.632
0.160
1.104
0.645
0.258
0.955
0.558
0.311
1.857
18.065
0.402
0.701
0.162
0.214
0.893
0.339
1.883
1.034
1.817
2.352
1.902
0.316
0.438
0.822
1.383
0.433
0.401
0.202
0.939
0.257
1.103
1.426
1.395
1.390
0.673
0.639
0.325
0.288
0.944
1.032
0.501
1.933
0.224
0.562
3.449
0.789
0.961
0.996
0.318
0.364
0.333
1.546
1.249
0.904
0.270
0.723
1.497
0.421
0.761
6.990
1.451
1.071
2.583
0.912
238.836
0.346
0.778
1.065
0.880
0.118
0.934
1.934
0.442
0.897
0.005
0.303
1.003
0.430
2.151
1.115
1.063
0.859
1.954
0.157
0.010
3.970
2.416
0.938
0.686
2.121
0.966
0.968
0.020
0.813
0.305
1.253
2.268
0.446
1.259
0.928
0.927
2.633
4.303
1.062
1.127
0.401
1.230
0.412
0.281
0.261
0.435
0.703
0.045
6.090
3.768
1.061
3.366
0.448
0.957
0.800
1.760
1.162
1.008
3.000
0.684
0.309
0.484
0.217
0.494
0.878
1.074
0.321
0.328
2.458
4.967
2.513
0.096
1.763
1.035
1.641
0.305
1.293
1.525
0.800
2.024
1.174
2.125
1.665
3.219
0.350
0.114
25.310
1.025
0.791
53.266
0.691
0.477
4.828
0.252
2.512
0.649
1.286
1.651
0.125
0.656
5.969
1.805
1.644
1.157
21.803
1.590
0.358
0.752
0.500
14.113
0.340
3.297
0.626
0.089
1.348
2.314
0.885
1.343
1.000
0.625
0.542
0.700
2.346
3.036
0.407
1.138
1.785
0.400
4.829
0.227
0.113
0.630
1.359
2.509
0.846
0.864
5.327
0.446
0.942
2.195
1.907
6.115
0.101
0.225
0.198
0.854
0.599
1.283
0.101
0.498
1.124
0.193
10.072
0.841
2.713
1.073
0.530
0.747
1.098
1.448
0.458
0.570
1.682
1.278
0.896
1.275
1.353
0.290
7.023
0.430
1.691
0.190
19.924
1.093
3.204
0.685
0.019
1.355
3.640
0.494
2.882
1.034
1.783
1.348
4.483
2.071
13.553
0.545
1.543
0.153
0.598
0.331
0.132
1.613
5.857
1.357
2.674
0.597
0.042
1.057
0.820
5.677
0.519
1.257
1.409
1.543
1.302
1.805
0.913
1.767
0.198
1.083
2.000
1.621
0.027
1.125
0.321
1.923
4.169
0.778
1.184
0.200
1.538
0.019
0.787
1.317
0.691
1.077
0.673
11.303
0.322
1.789
3.570
9.899
1.200
0.901
1.957
0.668
1.372
0.209
0.988
1.025
3.568
0.518
1.118
0.923
1.136
0.462
0.734
1.312
1.531
2.585
1.304
8.155
3.045
0.471
0.625
1.265
0.705
92.329
0.014
8.556
1.655
0.629
1.287
0.672
0.072
0.483
0.560
2.249
8.147
0.405
0.804
0.478
0.782
2.295
0.209
0.104
1.361
0.835
0.531
1.128
0.016
3.369
0.487
1.057
0.257
0.366
3.658
0.814
0.027
6.069
0.837
0.503
0.336
0.402
3.011
0.734
0.301
0.755
0.171
0.510
1.566
0.900
1.161
0.001
0.208
0.768
1.095
0.535
1.042
0.113
0.095
0.304
3.729
3.991
0.842
3.173
18.558
0.532
0.216
0.836
0.097
1.206
1.824
0.885
1.298
0.207
0.391
0.393
0.948
1.319
0.576
0.328
1.408
0.476
0.164
0.902
2.629
0.903
0.660
1.034
0.984
0.790
2.238
11.570
1.055
0.166
1.191
0.344
2.241
1.644
1.093
0.292
1.221
1.030
0.246
0.680
0.832
0.775
6.478
0.707
0.809
0.485
1.050
1.174
20.481
1.443
4.391
0.841
3.143
0.677
1.177
0.376
0.297
1.227
0.281
0.847
1.066
0.243
3.395
0.301
0.049
1.820
1.407
0.863
5.539
4.355
1.059
1.202
1.060
0.738
9.560
2.388
0.337
0.330
0.152
0.078
0.328
0.468
0.963
0.538
2.673
1.006
0.841
0.278
3.643
1.688
2.111
1.003
0.095
1.574
0.454
5.105
0.769
2.069
0.232
1.079
1.349
3.971
0.662
0.653
1.189
0.059
0.754
1.613
0.600
0.227
1.170
0.283
0.149
2.081
0.233
1.181
0.745
2.707
1.109
1.024
0.079
5.305
0.384
0.752
1.931
4.149
3.535
0.844
0.989
3.695
9.413
0.511
0.043
1.025
2.326
0.464
1.651
0.551
1.899
0.340
0.696
0.978
0.483
1.928
0.172
1.139
3.637
0.407
0.133
6.510
1.367
0.135
0.145
0.691
18.955
2.431
0.969
1.063
1.482
6.954
0.839
3.080
0.113
4.113
4.548
2.838
0.452
0.358
0.944
1.522
1.962
0.752
3.650
0.970
0.836
0.063
2.272
2.940
2.304
0.503
0.039
0.753
1.375
1.046
0.305
1.074
1.361
0.715
0.724
0.582
22.632
0.105
3.457
0.516
0.621
1.009
0.582
0.705
1.824
1.425
0.647
1.087
0.688
1.570
1.732
0.335
1.985
0.375
0.127
9.092
0.063
0.790
10.195
3.407
6.520
1.105
1.240
0.955
2.959
1.251
8.882
0.142
1.050
1.187
0.284
5.585
9.691
5.913
3.299
1.841
1.007
8.563
0.643
1.417
0.332
48.713
0.398
0.708
1.631
1.154
0.953
8.297
0.223
8.278
0.381
0.905
0.013
0.930
0.422
0.843
18.371
7.825
2.246
0.393
2.895
1.082
15.179
1.131
0.583
1.384
2.551
1.772
4.487
0.271
3.577
0.814
0.283
3.015
0.151
1.167
0.736
31.055
1.326
7.036
0.616
0.260
0.816
0.698
3.498
0.326
1.418
1.832
0.433
0.721
2.653
1.249
1.276
3.086
1.673
0.489
0.039
1.458
1.493
0.038
1.872
0.570
1.635
2.491
0.878
0.163
1.261
11.825
0.338
0.810
1.015
0.687
1.746
0.549
0.949
1.115
1.285
1.999
1.382
0.714
1.492
1.821
6.868
0.902
0.681
2.101
9.815
14.048
1.231
0.273
0.845
0.311
1.161
0.712
0.598
0.014
0.132
1.661
1.674
0.757
12.767
0.798
1.521
0.803
1.034
6.510
1.076
1.112
2.441
0.066
1.153
0.139
0.021
0.930
14.339
2.326
0.150
1.079
0.211
26.490
0.083
3.287
3.469
0.847
1.441
0.790
0.766
0.501
0.720
1.458
0.380
3.477
0.238
0.133
0.125
2.882
0.026
0.144
2.049
0.863
1.125
0.794
1.656
1.733
1.087
9.634
5.626
0.231
0.460
3.288
0.633
3.102
2.258
0.649
3.199
0.791
4.587
0.750
1.757
0.640
0.098
0.299
0.975
0.976
3.164
0.739
1.754
0.394
1.273
0.467
0.536
0.717
0.775
0.985
1.543
0.001
1.289
1.631
1.184
0.586
140.044
0.571
3.234
1.236
1.289
0.891
8.686
0.082
1.208
1.458
2.502
0.626
7.202
1.313
0.605
0.597
1.173
2.824
0.768
7.845
0.397
1.634
1.882
0.185
0.146
0.814
1.880
0.961
2.009
0.829
2.993
3.554
0.651
0.316
1.810
0.342
2.506
1.582
0.310
16.178
0.233
1.264
0.523
1.081
0.422
1.090
1.249
2.283
1.762
1.407
2.490
0.374
0.929
12.493
12.113
0.340
0.217
1.506
0.642
0.806
0.307
0.970
1.256
0.286
1.120
0.504
0.740
0.263
0.484
2.116
0.886
0.758
0.644
1.251
1.100
0.777
33.560
8.419
1.252
0.483
0.849
1.847
10.398
0.558
23.886
0.325
0.299
0.794
1.079
1.266
1.416
22.730
0.295
0.413
0.021
1.435
1.944
7.482
2.741
1.063
1.561
1.061
1.844
7.702
1.863
1.163
0.229
0.518
5.030
6.769
0.943
1.192
2.952
2.113
32.024
1.455
0.309
2.978
0.093
0.818
0.600
1.388
0.842
27.491
1.363
0.979
1.249
0.985
0.458
0.878
0.259
1.155
1.083
24.304
0.947
2.345
0.602
0.998
0.678
5.341
1.265
0.046
2.183
10.320
0.547
1.753
0.304
0.596
1.152
2.193
120.787
1.066
0.081
1.172
1.037
0.808
1.128
0.979
0.317
0.395
2.078
6.338
2.536
5.527
1.732
0.477
0.110
0.464
2.360
0.088
0.809
0.722
2.236
0.796
0.203
1.518
0.141
0.702
3.852
0.223
0.288
0.323
1.359
0.275
0.190
0.939
1.378
0.956
1.263
19.147
1.068
1.619
2.890
0.154
1.015
0.066
2.587
0.457
0.606
0.898
1.934
4.438
0.315
0.700
0.256
0.343
1.278
1.471
3.224
1.287
1.220
3.569
1.731
0.402
0.825
0.014
1.072
2.274
0.650
0.083
0.184
53.436
1.533
1.176
0.678
0.001
0.633
0.358
1.416
2.731
1.663
12.268
0.455
0.921
1.009
0.017
0.243
0.746
0.495
2.268
2.407
3.753
0.404
2.085
0.120
0.029
7.385
0.396
0.777
2.213
1.059
7.176
1.127
0.561
0.812
0.217
2.645
1.434
1.495
1.137
0.763
0.314
2.373
0.443
1.755
1.827
0.942
0.590
0.923
2.912
1.590
0.777
3.446
4.936
10.297
1.965
0.392
14.477
0.198
0.748
2.430
2.527
21.181
1.535
0.697
4.619
0.732
0.036
3.094
0.089
0.619
0.641
1.151
1.282
2.052
0.436
0.646
0.609
0.918
2.592
0.512
2.760
2.751
1.708
2.226
0.371
1.234
0.329
1.133
0.366
0.033
1.076
7.632
0.848
11.866
0.288
14.221
13.279
0.329
0.443
0.543
2.354
10.323
0.216
0.264
1.749
1.341
7.057
2.131
1.026
0.343
0.251
1.119
0.789
3.758
0.859
2.611
1.409
5.546
1.265
1.087
0.580
0.766
2.874
0.208
0.097
1.666
3.874
41.740
3.606
1.431
0.737
1.079
1.353
12.204
21.655
0.015
2.151
22.285
1.341
3.181
0.695
4.898
0.097
0.839
3.128
2.239
2.149
102.822
1.121
1.300
0.127
1.468
0.002
0.185
40.137
1.943
1.669
2.116
1.319
0.238
1.175
0.535
8.410
0.551
4.966
7.205
4.161
1.040
0.927
0.802
1.242
0.681
0.910
0.274
3.401
0.076
0.247
0.986
0.465
0.592
0.132
1.667
1.287
0.089
10.275
0.570
0.416
0.273
6.153
1.366
0.065
0.959
1.123
1.751
0.387
0.739
1.110
31.885
1.884
2.214
4.215
0.938
0.505
0.877
1.684
0.484
0.463
0.835
0.133
1.028
0.806
0.193
1.236
0.252
0.015
1.895
0.696
1.048
1.163
0.880
0.606
1.233
1.419
0.862
3.162
1.142
2.436
2.837
0.905
2.739
3.348
0.655
0.744
5.032
8.000
0.240
0.816
0.579
1.688
1.672
0.235
1.825
1.728
1.366
0.936
0.486
0.847
0.495
0.131
5.446
0.059
0.975
57.301
2.126
0.711
1.077
1.280
0.999
0.625
6.857
4.365
1.214
1.341
1.002
0.252
0.323
2.298
0.949
2.056
1.350
0.868
1.327
0.316
0.492
4.586
5.412
0.186
0.448
0.154
9.906
1.989
7.115
8.492
0.051
1.017
0.301
105.357
0.258
0.227
12.675
3.391
10.879
94.085
0.315
0.883
1.752
0.742
4.957
33.718
3.364
1.232
2.405
0.580
6.019
1.193
0.225
0.906
0.186
0.436
1.156
1.917
0.441
5.466
1.321
2.114
3.194
1.078
0.242
0.711
2.086
25.282
0.463
8.491
0.354
1.646
1.966
0.105
0.808
1.946
0.857
0.324
0.155
0.419
0.664
0.616
2.064
0.391
2.287
0.253
1.199
2.569
10.048
0.465
0.059
1.054
1.616
0.689
0.169
0.737
5.414
1.608
1.348
5.487
2.378
31.950
0.536
0.608
0.569
0.476
0.595
0.019
6.046
0.247
0.128
0.498
27.917
0.041
0.588
1.056
6.336
0.739
4.168
0.625
0.850
9.741
2.363
0.389
0.007
52.561
0.701
0.693
5.819
1.293
1.900
0.138
0.055
1.677
0.997
0.449
12.128
3.212
1.425
3.811
0.846
8.605
2.288
0.405
0.029
0.375
2.156
0.232
1.567
8.568
1.069
1.088
1.745
0.703
0.092
4.302
0.520
1.087
0.381
1.952
0.284
4.839
1.141
1.085
0.134
11.338
0.230
0.595
0.863
0.470
0.572
3.382
3.109
0.403
0.353
0.006
0.759
1.641
0.968
0.602
3.174
0.690
0.464
3.539
0.787
4.019
1.254
1.079
0.540
1.658
0.332
1.171
0.455
1.230
0.909
0.068
1.025
1.351
1.789
1.642
0.160
0.001
0.828
6.635
0.453
0.492
0.477
0.236
8.807
1.220
1.043
3.268
3.726
3.860
0.006
2.292
3.674
0.274
3.072
0.399
5.129
0.884
0.888
0.378
44.834
2.530
15.989
0.899
1.147
2.381
1.054
0.984
0.673
1.577
1.632
7.877
0.081
0.427
1.199
0.343
0.520
6.471
3.516
0.666
0.982
1.175
0.966
0.033
1.396
0.445
3.253
1.042
0.540
1.151
0.897
0.012
1.742
0.274
0.575
1.537
1.297
1.103
0.681
0.906
0.392
2.943
1.124
1.019
1.542
0.331
0.083
3.571
0.533
0.843
0.427
0.669
1.899
0.826
0.421
0.438
0.465
282.990
0.816
3.813
0.019
0.998
1.605
0.809
0.650
0.869
1.977
0.450
1.173
0.925
0.550
2.222
1.360
0.680
4.230
2.076
1.420
0.251
1.290
3.693
0.952
0.581
0.178
0.814
1.336
9.479
1.191
1.081
0.947
1.478
0.514
0.229
0.114
0.057
0.161
1.734
3.026
0.703
0.546
1.231
2.710
1.683
2.033
0.923
0.257
1.974
0.815
1.588
0.566
0.582
0.226
0.165
0.144
0.022
0.923
31.950
0.897
0.840
0.013
2.671
2.860
0.079
0.576
0.167
4.283
11.457
5.324
0.745
0.506
2.039
1.254
0.674
0.394
1.671
0.567
0.318
1.583
0.204
4.490
6.892
2.411
0.651
0.814
0.127
1.658
0.132
0.855
11.002
2.006
0.329
0.788
1.120
0.039
1.543
0.222
1.515
8.856
3.697
2.003
5.896
1.097
4.711
1.200
0.445
0.477
0.528
1.085
0.983
0.955
3.161
10.518
8.761
29.698
0.719
0.461
0.312
1.620
1.860
2.301
0.876
0.208
2.813
0.376
1.341
0.470
0.719
3.688
15.562
1.862
1.020
0.248
1.568
0.817
1.481
0.109
373.640
0.789
0.836
0.747
2.016
1.293
1.358
0.986
0.539
1.663
1.842
1.592
0.030
0.199
4.325
35.439
0.994
2.098
0.326
0.134
1.072
0.609
3.705
0.573
0.717
0.816
6.343
0.279
98.224
0.165
1.932
0.887
1.714
1.479
2.423
1.047
0.559
0.692
5.961
0.386
1.612
6.470
0.409
2.924
1.296
3.010
1.288
0.261
0.746
0.987
2.599
2.901
1.078
4.613
1.675
1.573
1.813
0.784
1.225
0.226
1.011
1.292
10.033
0.783
1.901
0.626
1.130
1.314
0.162
0.853
0.205
0.961
0.429
0.711
3.993
2.248
0.935
0.210
0.992
0.076
1.318
0.963
5.956
2.478
0.324
1.114
1.597
0.480
1.158
0.952
6.271
0.295
1.292
0.321
0.123
1.362
0.615
0.670
21.980
1.650
0.093
1.257
0.492
1.414
0.041
4.138
1.782
10.510
0.691
1.040
3.290
0.317
11.733
0.510
1.984
0.291
0.667
6.342
2.773
2.154
0.433
0.537
4.010
0.460
1.823
17.393
0.463
1.028
0.913
88.453
1.316
0.855
0.067
3.792
22.668
0.128
0.510
0.716
1.554
3.380
0.216
0.380
0.603
3.661
0.073
0.669
0.615
8.111
0.961
0.456
2.768
40.579
1.045
0.784
1.031
3.262
0.296
0.029
6.415
1.491
0.278
6.010
1.070
1.125
0.268
0.544
0.978
57.066
2.338
1.880
0.292
1.883
3.282
0.003
0.690
0.878
0.608
0.965
2.886
2.203
3.620
1.425
15.763
1.720
1.465
0.531
1.639
0.080
0.228
2.630
0.481
0.632
1.313
35.124
0.290
1.252
0.908
0.938
0.231
2.354
0.598
3.152
0.545
0.110
1.590
0.516
0.373
0.723
0.465
0.353
0.703
0.564
1.057
0.115
1.267
6.177
1.006
0.585
1.409
4.790
0.997
0.512
1.992
0.495
1.949
0.827
0.401
1.294
8.204
12.750
1.948
0.570
1.892
1.234
1.690
1.122
1.889
1.062
0.562
0.132
1.171
0.805
0.792
0.109
0.334
0.634
0.136
15.610
0.902
0.342
1.879
2.256
1.082
0.677
1.867
1.696
2.495
1.184
0.248
0.197
12.399
1.894
0.211
0.935
1.185
0.997
0.771
0.098
6.676
0.610
8.101
1.033
17.397
0.408
44.105
0.866
2.034
0.495
0.912
0.947
4.239
2.469
3.173
0.019
1.627
11.056
0.449
0.810
0.594
0.263
3.976
0.789
0.574
0.452
0.809
1.206
0.002
3.157
0.069
0.816
1.266
3.172
0.193
1.430
0.859
2.763
51.398
1.119
0.605
0.389
0.913
5.833
0.579
6.450
3.144
1.844
0.523
0.031
2.343
2.656
0.326
1.653
0.475
0.801
4.880
0.951
1.826
0.243
0.723
21.544
0.255
0.485
0.868
4.674
0.374
6.724
4.394
1.101
0.597
1.046
0.265
0.889
1.828
0.572
2.484
2.000
1.157
0.619
0.840
0.792
1.007
0.850
0.677
0.169
0.524
1.127
3.091
0.604
0.900
0.465
0.471
0.889
3.837
0.560
0.104
0.640
0.429
1.383
0.415
0.519
1.231
1.042
1.150
0.823
0.996
1.748
0.298
0.364
0.432
0.405
0.666
2.431
0.376
1.180
1.179
0.152
0.532
0.381
2.215
3.176
1.854
1.099
0.963
0.191
0.227
0.682
0.672
1.034
1.093
2.799
0.122
3.434
0.309
1.671
13.659
1.027
0.826
1.659
1.063
2.742
0.977
2.631
1.538
5.382
0.290
8.957
0.543
1.212
0.309
0.847
5.716
3.582
1.003
2.413
1.905
0.915
0.440
14.970
0.533
4.223
0.322
0.102
0.310
5.812
1.013
1.096
0.871
2.002
1.034
0.290
0.798
1.105
14.664
2.937
1.496
1.128
0.353
0.517
0.358
0.801
21.055
1.135
0.413
0.380
1.431
28.342
1.894
0.438
1.184
1.140
0.346
1.125
0.645
0.842
2.714
1.619
10.857
0.506
0.444
1.005
1.604
1.299
0.960
6.581
32.057
1.191
1.627
0.875
0.104
5.317
2.275
2.490
1.253
2.269
6.835
2.551
0.627
1.203
0.483
3.920
23.690
0.505
1.198
4.502
0.510
1.282
11.376
4.042
0.724
2.871
0.967
0.381
0.593
7.693
0.442
2.233
0.638
1.682
1.382
1.492
0.605
1.866
1.232
1.318
1.213
0.199
2.287
3.587
89.253
6.543
0.500
0.405
0.807
0.352
2.181
3.834
0.584
1.847
0.495
0.478
2.162
0.058
1.358
0.995
0.950
2.234
0.630
1.751
14.014
2.881
0.052
0.275
2.283
1.040
1.233
1.331
3.309
0.607
0.625
10.764
0.632
0.997
0.686
0.134
0.692
0.205
2.568
1.707
0.357
1.030
0.624
2.536
0.355
0.883
0.649
1.410
1.699
0.944
0.134
0.002
1.895
3.704
2.725
0.009
1.015
4.615
0.664
0.327
2.594
1.530
0.557
0.912
0.930
12.268
1.049
0.256
3.850
2.569
2.162
4.554
1.808
5.394
0.420
2.181
2.306
7.022
0.224
0.035
0.016
9.457
1.106
0.986
1.367
0.057
2.108
10.337
0.634
13.268
1.194
0.483
0.764
0.278
5.972
0.594
0.343
1.616
3.794
0.937
0.127
1.242
0.429
0.773
1.423
0.886
0.005
1.040
1.077
0.683
7.687
1.939
0.425
1.589
1.728
3.698
0.655
0.903
0.463
0.803
1.246
0.628
1.103
0.555
0.542
0.830
1.004
0.614
0.899
1.077
1.877
1.800
2.765
0.565
0.675
0.453
3.364
0.993
9.983
0.156
1.382
4.388
0.742
1.436
5.138
1.281
1.524
0.091
0.567
0.465
6.592
18.346
0.638
0.254
0.317
1.000
2.587
0.571
0.599
30.481
4.223
0.360
0.076
1.348
0.844
0.138
3.258
5.247
1.178
0.225
2.196
0.796
0.747
1.220
5.593
1.947
0.099
2.806
1.666
1.057
0.235
1.172
2.576
0.035
0.647
0.255
0.390
0.579
12.243
0.593
0.586
0.748
1.026
0.437
1.262
7.531
1.249
0.309
1.241
0.450
0.497
2.580
3.937
1.054
2.720
1.766
0.993
0.225
25.701
1.023
5.185
0.848
0.456
0.347
1.414
2.083
0.582
0.102
1.013
1.441
1.287
0.640
11.213
0.570
0.433
0.521
1.618
1.963
1.984
0.285
33.267
2.922
1.129
0.965
1.592
6.742
0.622
0.845
0.642
0.998
0.182
2.081
4.337
0.795
0.464
1.816
0.619
0.584
2.731
0.253
3.078
2.821
10.550
0.116
1.982
0.464
0.734
0.890
0.909
1.341
0.378
0.192
1.490
0.932
0.159
1.384
0.024
0.097
0.261
0.448
0.804
1.989
1.486
2.104
1.677
1.061
1.359
0.254
0.369
1.496
0.566
1.733
0.006
1.554
0.241
0.275
0.694
0.837
0.842
1.299
1.820
0.814
0.433
0.944
0.295
2.160
0.647
3.121
1.210
9.451
0.131
1.739
0.690
0.228
0.191
0.175
0.190
0.374
1.508
0.307
0.700
0.860
0.086
4.641
0.715
0.986
3.384
1.249
0.290
0.414
0.374
0.244
1.757
1.272
0.198
1.390
0.251
1.264
1.010
1.957
4.226
2.120
0.681
0.301
0.878
0.105
0.968
2.419
0.810
12.887
1.289
2.402
0.928
0.332
8.244
1.798
0.757
12.149
0.653
6.925
0.787
1.043
1.703
0.917
1.382
0.262
1.306
0.580
2.490
3.512
0.244
0.765
0.664
1.412
1.158
0.987
2.520
0.520
1.112
1.056
0.695
8.220
1.186
0.171
0.850
0.061
0.526
0.722
0.862
1.718
1.733
0.777
1.089
0.557
3.872
4.915
4.118
0.506
0.283
2.697
15.857
1.228
0.289
6.843
0.322
2.255
2.372
0.799
0.674
0.471
2.606
5.900
5.617
1.266
1.355
0.319
0.527
0.016
0.902
0.938
2.236
1.303
2.564
0.678
2.233
0.273
0.396
1.679
2.193
0.529
1.034
1.002
0.685
1.160
1.825
0.441
2.535
3.696
13.584
2.931
11.107
0.524
0.050
0.704
7.037
0.569
0.595
1.592
7.025
2.287
3.897
0.541
2.694
3.340
1.734
0.906
1.865
3.576
0.734
2.354
0.443
0.399
0.020
0.267
5.318
0.859
1.272
0.910
0.994
0.197
142.014
1.028
0.983
0.159
1.488
5.417
8.544
8.228
5.673
0.656
1.161
0.579
0.403
0.454
0.774
1.918
0.095
1.579
0.815
6.885
3.860
2.226
0.407
1.741
17.820
1.073
1.218
14.339
2.989
1.117
0.166
0.347
0.785
0.690
0.455
1.315
2.113
1.346
3.386
1.102
0.616
0.899
0.548
0.630
0.326
5.454
0.787
0.807
1.012
1.204
0.524
1.726
0.784
16.393
0.167
0.358
0.023
0.972
4.058
0.518
0.590
0.997
0.064
0.147
93.873
0.679
0.043
0.396
4.546
3.159
19.351
1.740
4.622
2.459
0.114
12.657
0.064
1.544
2.216
2.696
16.448
0.808
0.720
8.879
0.391
2.184
0.225
0.496
0.925
0.402
0.516
1.335
1.148
0.738
2.025
0.799
28.269
0.135
1.095
1.723
1.180
1.405
1.118
0.586
0.418
0.805
1.856
2.111
0.340
1.890
0.515
1.172
2.766
0.586
0.678
5.813
2.881
1.261
0.332
2.538
8.055
0.004
0.889
1.128
0.388
3.389
1.202
5.898
1.036
0.226
0.239
0.434
3.286
0.860
0.882
0.518
0.633
1.902
0.038
0.652
1.617
1.225
10.334
0.966
0.576
9.934
0.868
0.455
0.688
28.431
1.424
1.525
1.334
2.647
0.645
0.498
0.266
1.773
1.095
0.573
2.216
0.472
2.734
2.522
1.179
1.495
19.347
0.519
0.575
1.253
2.950
1.451
0.751
0.315
5.976
66.503
1.225
3.313
5.512
1.993
0.161
1.023
1.218
4.287
0.089
0.340
1.780
4.256
2.485
0.517
0.074
1.369
1.887
1.012
5.529
2.110
0.427
2.088
0.066
0.248
0.101
0.443
0.672
25.942
0.043
0.551
2.164
18.334
0.282
1.094
0.775
0.206
0.688
1.249
0.175
1.435
1.373
1.042
1.021
1.128
0.346
0.899
0.038
0.923
0.639
3.013
1.049
0.012
48.761
0.460
0.485
1.175
1.234
20.099
3.107
1.878
1.088
1.513
3.368
0.603
0.553
0.739
0.038
2.432
0.155
0.818
0.325
1.459
5.390
0.998
0.290
1.508
36.749
1.332
0.946
0.451
2.277
0.128
3.860
1.769
0.666
5.799
5.659
0.855
0.854
0.076
0.538
0.506
0.074
0.608
1.074
5.223
2.443
0.736
0.823
2.601
1.563
2.248
0.334
0.938
1.576
2.052
2.764
0.825
0.367
3.815
25.290
7.171
1.267
0.737
15.474
0.699
0.554
0.223
0.442
0.878
1.020
1.021
0.540
0.632
5.990
0.435
0.988
2.039
1.094
0.268
0.198
1.991
1.074
2.592
0.458
1.863
0.999
2.008
0.038
0.031
9.277
0.141
1.453
1.768
2.247
0.632
1.110
1.855
0.302
0.348
16.375
2.601
0.348
1.483
1.704
8.750
0.835
2.054
1.654
1.443
1.226
1.380
0.711
0.784
23.483
0.556
0.862
1.210
1.183
0.945
0.328
1.794
1.334
0.496
0.476
0.271
0.273
5.140
0.332
0.507
3.063
1.068
1.724
2.147
1.145
5.163
0.218
0.442
12.091
205.479
0.025
0.535
1.156
0.700
4.051
0.055
3.001
6.424
0.069
0.522
0.267
3.759
1.155
1.083
0.609
3.185
3.613
1.133
0.143
0.202
11.373
1.163
0.482
3.141
0.214
1.038
0.262
1.036
1.668
1.177
1.019
0.995
1.244
21.702
13.307
10.602
0.936
368.975
0.104
0.866
0.114
4.363
0.141
0.376
1.518
0.331
0.281
3.552
0.868
50.480
0.387
0.316
0.488
1.155
0.859
0.124
0.447
0.363
0.749
0.976
0.210
0.890
0.404
0.270
3.223
1.792
1.541
0.515
0.276
1.296
0.779
0.514
12.177
0.249
0.443
10.251
1.219
1.364
0.865
16.037
4.294
1.362
0.833
0.900
0.650
0.704
0.777
0.429
2.335
6.538
0.214
0.029
1.132
28.935
2.455
0.300
0.455
6.039
0.990
3.578
1.670
0.617
0.666
0.102
2.397
0.553
0.197
1.361
1.430
0.505
1.149
0.135
63.752
10.519
1.167
4.916
1.121
0.803
1.580
1.510
3.077
2.719
40.789
0.878
2.009
0.652
0.414
4.349
0.875
1.021
0.227
0.165
0.460
6.303
1.357
0.118
1.701
1.079
0.268
1.995
4.914
0.683
1.071
1.406
1.106
3.806
1.196
0.657
1.055
0.138
180.968
0.936
0.226
0.660
0.534
0.402
3.170
37.817
1.041
0.330
3.324
0.492
0.154
0.197
0.691
1.170
0.302
0.266
0.218
1.019
0.618
1.201
0.163
0.349
3.727
0.097
1.103
5.152
0.411
4.154
0.552
1.374
53.413
7.501
2.339
4.923
0.573
2.783
1.618
0.071
0.583
1.371
2.865
3.941
0.036
0.420
1.814
0.717
1.365
0.726
1.064
0.559
1.179
1.327
0.779
3.693
0.668
0.540
1.094
3.260
0.912
4.546
0.609
1.234
1.472
19.609
0.095
14.210
0.064
0.012
5.964
1.455
1.363
0.699
1.484
1.264
0.649
2.839
0.016
1.709
1.496
0.056
31.779
0.859
1.505
1.763
1.432
1.205
0.281
7.371
1.394
0.326
0.252
0.755
0.135
0.898
0.613
1.407
2.923
0.331
11.844
1.045
4.019
7.962
1.578
0.878
1.257
16.405
3.212
4.245
0.452
8.653
0.968
0.067
0.982
2.644
0.628
3.304
13.745
1.092
0.536
0.007
0.179
2.238
1.205
1.351
0.334
0.400
0.527
1.466
0.721
0.394
4.338
0.628
1.514
0.731
1.177
0.835
0.314
0.201
77.644
1.554
0.909
1.955
1.021
1.115
0.705
0.098
13.737
7.081
0.883
0.097
0.973
17.650
0.337
2.638
1.175
0.470
0.528
0.217
0.286
4.768
0.274
0.853
1.102
1.413
1.678
2.503
10.889
2.619
0.285
10.935
0.964
0.378
0.547
0.627
0.209
0.252
56.606
0.868
12.301
0.278
4.136
8.257
0.018
1.652
0.020
1.996
1.046
4.821
0.682
0.379
1.654
0.059
9.937
0.038
0.014
1.365
0.954
0.657
0.607
1.586
1273.733
0.589
1.293
0.670
3.111
4.420
0.040
3.246
0.259
0.522
0.200
0.152
2.467
0.439
0.874
1.269
0.915
0.049
13.123
5.790
0.024
5.080
1.359
0.011
0.355
0.832
5.164
2.495
0.654
3.030
0.369
1.871
3.168
1.200
2.617
0.131
2.799
1.414
0.755
22.013
1.816
0.742
0.192
0.520
0.708
0.070
0.599
1.586
3.583
0.333
2.737
0.808
1.770
0.157
1.110
3.018
0.314
0.418
0.011
0.511
2.053
1.179
0.718
0.396
0.469
0.354
3.608
2.803
4.002
2.198
0.916
22.020
3.545
52.576
4.813
1.094
0.158
13.331
0.972
0.049
0.773
0.257
1.070
2.283
2.756
1.862
0.764
1.723
49.070
0.147
0.346
0.231
1.055
6.525
5.071
0.234
0.920
0.824
2.619
0.990
0.921
2.245
1.200
0.701
0.249
0.927
0.624
12.171
0.716
0.230
2.531
1.160
0.107
2.594
0.481
9.510
1.254
0.707
2.864
0.214
1.244
0.307
0.226
0.019
1.362
0.570
18.073
0.809
0.525
7.730
1.521
12.862
3.208
1.464
1.719
0.794
0.380
1.342
2.255
14.614
3.464
1.659
12.905
0.106
0.963
2.874
1.427
0.065
1.025
0.560
5.233
0.827
1.335
0.862
0.968
0.709
0.876
2.512
1.016
0.296
2.644
1.148
1.591
0.806
20.483
0.832
0.312
0.621
1.297
2.796
1.565
0.462
1.129
0.919
0.899
1.557
4.055
1.005
0.093
0.559
0.086
2.079
9.706