548.81396484375
708.6090698242188
505.865966796875
888.0439453125
248.4130096435547
25.497413635253906
401.71405029296875
970.074951171875
455.44403076171875
273.0090026855469
271.653076171875
975.7520141601562
552.0780029296875
579.9119873046875
406.73291015625
215.52886962890625
896.760986328125
258.7019348144531
592.22998046875
148.47802734375
274.82391357421875
979.572998046875
546.885009765625
19.30047607421875
967.795166015625
72.43435668945312
895.3860473632812
960.2568969726562
382.8080139160156
100.03204345703125
604.1180419921875
378.325927734375
131.28903198242188
696.0770263671875
417.48602294921875
447.5159912109375
152.35504150390625
671.906982421875
292.7939453125
611.7479248046875
70.86978149414062
709.072021484375
451.8220520019531
707.9169311523438
994.4010620117188
131.85195922851562
967.9661254882812
148.82888793945312
699.5750122070312
24.62008285522461
750.76513671875
348.7829895019531
940.2098999023438
519.6429443359375
867.2891235351562
548.5189208984375
633.9979248046875
201.5179901123047
942.5838623046875
555.3609619140625
502.3890686035156
738.3899536132812
237.74203491210938
351.8709411621094
839.1891479492188
885.9619140625
304.46795654296875
296.2420349121094
449.2919921875
503.93414306640625
171.85308837890625
795.5349731445312
237.80697631835938
680.115966796875
748.7879638671875
324.4049987792969
374.2960205078125
374.24493408203125
379.0570068359375
132.81492614746094
272.43701171875
631.1260986328125
881.7200927734375
113.81693267822266
730.708984375
916.72705078125
58.35643005371094
385.2369384765625
689.7680053710938
358.10687255859375
233.4199981689453
891.5230712890625
950.953125
489.5089111328125
105.90611267089844
228.263916015625
249.42001342773438
241.54592895507812
992.0110473632812
121.05999755859375
296.5559997558594
897.070068359375
904.947998046875
697.1419677734375
968.9721069335938
381.7599182128906
985.490966796875
257.23297119140625
814.9659423828125
937.2839965820312
348.5190124511719
449.0828552246094
232.62701416015625
738.6829833984375
46.007293701171875
397.5340270996094
924.9669799804688
363.16107177734375
828.656982421875
968.9029541015625
360.5460205078125
447.1441345214844
414.8570251464844
738.2269897460938
706.5748901367188
822.5590209960938
287.05206298828125
427.83392333984375
554.6880493164062
497.677978515625
424.0889892578125
853.9400634765625
517.30908203125
926.8790893554688
665.8590698242188
633.9310302734375
246.06301879882812
380.72894287109375
662.5049438476562
683.572998046875
241.41893005371094
70.44711303710938
288.39892578125
801.8359985351562
783.234130859375
312.7528991699219
65.30419921875
368.10198974609375
989.4099731445312
640.0240478515625
490.3050842285156
807.0230712890625
638.7620239257812
831.51904296875
162.95394897460938
310.0679626464844
409.053955078125
45.65948486328125
990.3450927734375
374.3228759765625
974.2559814453125
244.6510009765625
618.4800415039062
981.6399536132812
115.48388671875
491.02496337890625
12.036163330078125
376.22698974609375
131.0549774169922
771.089111328125
253.1909942626953
580.1519165039062
221.160888671875
32.465179443359375
251.94113159179688
544.5910034179688
68.0742416381836
649.831787109375
428.7960510253906
513.074951171875
15.606048583984375
522.3709716796875
33.074615478515625
839.5130004882812
614.4649658203125
237.1728515625
232.74391174316406
86.53241729736328
326.70086669921875
55.9656982421875
454.162109375
92.027587890625
869.4889526367188
98.47805786132812
945.3020629882812
609.177978515625
99.6148681640625
680.27001953125
929.291015625
536.2749633789062
401.260009765625
845.3580932617188
185.23194885253906
531.8489990234375
16.32843017578125
391.77398681640625
356.70721435546875
443.8790283203125
355.368896484375
119.77099609375
958.9830932617188
306.9860534667969
33.304473876953125
742.2379760742188
849.0379638671875
727.6959228515625
258.6840515136719
447.3779296875
424.031982421875
936.745849609375
62.712890625
949.2969360351562
398.43402099609375
633.60791015625
628.8980712890625
94.45785522460938
159.41397094726562
85.00106811523438
815.5239868164062
992.428955078125
908.8439331054688
157.63192749023438
820.7670288085938
863.02294921875
575.7510375976562
621.677978515625
951.8740234375
97.46859741210938
457.222900390625
557.8109741210938
857.72314453125
953.720947265625
590.9840698242188
503.4269714355469
458.1390380859375
232.86495971679688
959.1670532226562
308.28594970703125
796.3909912109375
9.766464233398438
160.5391082763672
766.962890625
240.01992797851562
731.39697265625
636.0610961914062
27.068988800048828
756.7791137695312
716.2439575195312
327.7200012207031
580.197021484375
699.6220092773438
473.22100830078125
690.0250244140625
426.30596923828125
904.0440673828125
93.45938110351562
399.0250244140625
877.1310424804688
724.16796875
800.3779907226562
458.6040954589844
82.9716796875
882.041015625
910.5450439453125
456.9110107421875
92.26025390625
543.8060302734375
578.921875
903.9841918945312
129.4119415283203
187.13101196289062
159.87008666992188
956.406005859375
147.01397705078125
392.6760559082031
325.6849670410156
128.86105346679688
539.2239379882812
277.595947265625
649.4630126953125
681.3920288085938
143.82901000976562
536.177978515625
159.86697387695312
510.01715087890625
556.428955078125
430.40216064453125
783.6478881835938
35.36241149902344
475.2890319824219
645.5700073242188
174.1119842529297
959.4329223632812
414.56695556640625
577.54296875
488.4099426269531
306.8099365234375
882.7090454101562
518.8349609375
469.498046875
76.95639038085938
490.8189697265625
799.7959594726562
715.1790161132812
44.612213134765625
925.1629638671875
459.85601806640625
779.1920166015625
197.0541229248047
133.46495056152344
370.85296630859375
892.050048828125
272.82208251953125
9.6881103515625
587.60009765625
69.85894775390625
373.8130798339844
178.3668975830078
259.4229736328125
681.3589477539062
777.407958984375
847.2750854492188
778.695068359375
206.5949249267578
696.9970703125
660.0401000976562
56.848236083984375
86.37689208984375
788.5449829101562
509.34185791015625
181.15103149414062
826.8701171875
379.927001953125
433.43890380859375
283.51904296875
852.6349487304688
695.625
442.0150146484375
683.2809448242188
524.593017578125
456.14111328125
458.51495361328125
262.117919921875
487.93511962890625
301.5990905761719
476.4769592285156
55.374176025390625
591.9349975585938
131.48291015625
256.139892578125
270.32806396484375
96.54946899414062
727.0440673828125
379.03387451171875
860.5509033203125
829.6019897460938
557.3690185546875
752.1349487304688
420.5390625
432.14801025390625
245.36695861816406
810.4238891601562
672.0479125976562
677.411865234375
89.60308837890625
250.62295532226562
79.52220153808594
882.85986328125
146.94699096679688
304.5820007324219
770.5810546875
533.466064453125
11.427444458007812
13.948379516601562
725.5940551757812
952.870849609375
53.427093505859375
325.3099365234375
132.4879150390625
926.213134765625
232.23402404785156
775.219970703125
407.2409973144531
301.8310852050781
81.10147094726562
399.4990234375
333.14495849609375
359.2709655761719
774.0469970703125
411.3719787597656
906.5550537109375
788.8731689453125
960.8349609375
343.6051025390625
972.9190673828125
569.2109375
862.1910400390625
406.119873046875
97.84449768066406
980.7000122070312
224.3170166015625
120.656982421875
511.3189697265625
401.1319274902344
189.84780883789062
297.8418884277344
822.1180419921875
428.2239685058594
136.89987182617188
410.491943359375
368.5849609375
269.47900390625
639.4730224609375
4.048004150390625
497.39111328125
753.5699462890625
478.3701171875
985.031982421875
981.8290405273438
780.4268798828125
148.1409912109375
862.3099365234375
347.2339172363281
974.2590942382812
13.236953735351562
773.325927734375
617.8770751953125
194.34193420410156
848.9440307617188
844.5499877929688
293.0199890136719
498.1399841308594
874.2880859375
708.5479125976562
630.4480590820312
486.1600036621094
799.2030029296875
715.5608520507812
941.3779296875
492.2680969238281
949.3190307617188
878.8701171875
231.70187377929688
455.1690979003906
961.570068359375
218.40292358398438
338.1591491699219
606.4749755859375
876.5049438476562
787.5419311523438
977.4949951171875
580.4470825195312
485.6280212402344
512.3929443359375
63.95526123046875
181.63079833984375
586.409912109375
703.4951171875
281.72991943359375
984.3289794921875
785.1531372070312
833.037841796875
669.9169921875
9.2401123046875
929.5289916992188
555.6490478515625
16.429656982421875
63.0382080078125
100.2940673828125
677.2630615234375
240.8289794921875
286.91497802734375
292.14801025390625
209.15695190429688
961.9361572265625
45.614601135253906
584.4760131835938
731.69384765625
552.1919555664062
749.2540893554688
83.42245483398438
217.449951171875
903.7200927734375
92.59613037109375
748.6640625
746.9940185546875
765.3251953125
30.452953338623047
940.4320678710938
722.0808715820312
355.6130065917969
124.8330078125
488.0559387207031
164.958984375
144.84808349609375
204.86598205566406
183.280029296875
840.4290771484375
565.4210205078125
463.1500244140625
396.05999755859375
704.4739379882812
716.8600463867188
174.9089813232422
132.06796264648438
276.89398193359375
517.3790283203125
674.8470458984375
117.53205871582031
747.0789794921875
863.8560180664062
807.5800170898438
586.7839965820312
186.4579620361328
277.6290283203125
214.88104248046875
463.5750427246094
646.2638549804688
374.1700439453125
730.4420166015625
424.68499755859375
153.69403076171875
207.469970703125
711.583984375
25.662628173828125
471.7519836425781
518.2010498046875
957.4510498046875
213.31195068359375
313.69189453125
253.9419708251953
880.2980346679688
730.85595703125
229.44192504882812
947.37109375
788.7389526367188
215.50802612304688
483.4089660644531
687.4879760742188
456.1300048828125
952.7921142578125
679.8790283203125
185.6359405517578
885.3380126953125
798.0469970703125
425.4518737792969
273.54193115234375
311.8599853515625
872.6510009765625
0.055389404296875
628.9819946289062
519.7110595703125
831.0480346679688
324.68292236328125
588.31689453125
645.7850341796875
383.46405029296875
904.4249267578125
320.01702880859375
881.5850219726562
758.3790283203125
229.218994140625
20.650848388671875
137.219970703125
263.32208251953125
906.41796875
663.0780639648438
456.01483154296875
216.89703369140625
469.4969787597656
990.3389282226562
714.6970825195312
896.6710205078125
607.044921875
536.5791015625
677.0819091796875
453.69696044921875
478.5959777832031
679.3928833007812
743.834716796875
67.24966430664062
854.6139526367188
24.67870330810547
542.4990234375
179.60406494140625
617.6580810546875
377.7519836425781
976.4041748046875
696.3429565429688
881.0050048828125
311.7960205078125
487.8380126953125
434.4169921875
56.41831970214844
58.029205322265625
85.29562377929688
254.35604858398438
680.544921875
227.41502380371094
970.2369995117188
490.4591064453125
452.10888671875
739.551025390625
569.573974609375
944.3719482421875
218.74887084960938
186.19305419921875
222.44302368164062
209.84396362304688
212.3900146484375
398.220947265625
554.2420654296875
311.94500732421875
964.489990234375
730.1220703125
750.8438720703125
589.909912109375
864.281005859375
535.6331176757812
679.0909423828125
613.966064453125
267.262939453125
934.214111328125
992.3961791992188
237.8929901123047
699.0980224609375
577.22900390625
50.36997985839844
621.4780883789062
500.02593994140625
164.69393920898438
783.64404296875
31.838958740234375
596.6549682617188
704.4140014648438
608.2529296875
928.0809326171875
944.1199340820312
345.3519592285156
874.572998046875
223.92498779296875
463.4510498046875
793.697998046875
170.98703002929688
18.5218505859375
179.48992919921875
199.99703979492188
338.98486328125
54.33795166015625
489.54901123046875
521.036865234375
339.40399169921875
171.62991333007812
749.9989013671875
729.9910278320312
944.1238403320312
359.9779052734375
764.912109375
11.714035034179688
230.7420654296875
855.8031616210938
16.627960205078125
975.52197265625
365.4959716796875
866.3821411132812
50.588104248046875
722.0560302734375
420.07489013671875
453.5430908203125
373.2909240722656
697.428955078125
982.5750122070312
69.16703033447266
33.222320556640625
407.1830139160156
139.9730224609375
569.1010131835938
411.39697265625
807.3189086914062
864.9329223632812
848.008056640625
779.051025390625
123.81997680664062
166.84793090820312
615.5601806640625
508.31494140625
162.49307250976562
37.55928421020508
868.1259155273438
904.6478881835938
149.44802856445312
841.1400146484375
998.84716796875
469.24896240234375
714.2410888671875
352.3118896484375
919.4830322265625
99.56912231445312
100.22698974609375
447.926025390625
703.8890991210938
537.0230102539062
806.1939086914062
260.34100341796875
891.9229736328125
984.0420532226562
435.864990234375
97.25985717773438
367.56207275390625
141.263916015625
896.5470581054688
221.26300048828125
431.4179992675781
320.99700927734375
652.10302734375
968.9620971679688
653.2010498046875
33.62506103515625
574.3250122070312
551.81591796875
590.8729858398438
354.0469665527344
569.9649658203125
92.373779296875
298.281982421875
102.86300659179688
135.47396850585938
878.451904296875
428.7689208984375
749.169921875
618.0149536132812
383.46185302734375
290.077880859375
287.9909362792969
660.174072265625
716.0750122070312
301.5749816894531
470.1319274902344
19.193115234375
474.8680419921875
606.39306640625
618.8089599609375
423.85498046875
394.8690185546875
643.989990234375
230.53292846679688
956.0839233398438
533.2059936523438
501.3240966796875
659.6680908203125
725.2539672851562
588.4649658203125
692.5320434570312
965.4159545898438
881.7349853515625
313.218017578125
581.2730712890625
249.7960205078125
881.1029663085938
675.4390258789062
396.506103515625
411.8199462890625
813.7979736328125
767.02392578125
297.43701171875
116.20193481445312
699.4789428710938
978.5708618164062
846.4091186523438
449.1980285644531
447.12493896484375
680.0559692382812
952.7490234375
891.553955078125
223.08197021484375
638.9208984375
572.2518920898438
896.0379638671875
592.0419311523438
396.0978698730469
576.156982421875
756.1069946289062
248.75299072265625
433.2880554199219
962.1891479492188
288.4759826660156
735.194091796875
703.7369384765625
270.0079345703125
569.617919921875
677.8170166015625
146.4420166015625
4.6954193115234375
369.807861328125
828.9398803710938
164.93995666503906
20.107559204101562
552.8209228515625
586.512939453125
397.821044921875
183.19097900390625
264.7300109863281
289.4059753417969
841.3860473632812
716.3270263671875
647.173828125
131.79806518554688
842.3419189453125
667.4100341796875
9.356597900390625
318.5689697265625
277.71905517578125
929.2960815429688
83.11236572265625
575.9471435546875
921.157958984375
93.9405288696289
916.7230224609375
523.2479858398438
508.9689636230469
265.39007568359375
865.1031494140625
566.6010131835938
565.1890869140625
692.4719848632812
216.822021484375
64.14749145507812
918.2349853515625
414.26300048828125
880.4757690429688
317.9830627441406
688.6610107421875
118.72802734375
480.8939514160156
296.1400146484375
359.4440002441406
120.19708251953125
979.5869750976562
282.8070373535156
441.7110595703125
39.18788146972656
19.987640380859375
739.2640380859375
451.1590270996094
604.8460083007812
55.71470260620117
976.7610473632812
509.62384033203125
468.6509704589844
878.1929931640625
976.4590454101562
971.9450073242188
96.09841918945312
673.6598510742188
837.945068359375
622.845947265625
97.10125732421875
13.5716552734375
820.992919921875
662.5270385742188
368.7250671386719
949.571044921875
196.58206176757812
778.344970703125
138.1830291748047
317.2019958496094
656.330078125
674.751953125
110.37506103515625
338.00799560546875
158.969970703125
623.5101318359375
244.42605590820312
474.69793701171875
466.3110046386719
414.3690490722656
253.29196166992188
581.8499145507812
653.1080322265625
995.300048828125
161.30999755859375
635.05908203125
208.87692260742188
652.7900390625
102.04496765136719
958.948974609375
988.3740844726562
634.2739868164062
438.60186767578125
38.425323486328125
570.1970825195312
325.0469970703125
363.71087646484375
607.8309936523438
315.4281005859375
750.685791015625
128.9259490966797
358.15191650390625
210.38294982910156
170.9100341796875
670.637939453125
653.139892578125
666.7670288085938
969.8088989257812
60.2254638671875
99.2802734375
697.6310424804688
902.34912109375
437.03204345703125
613.06298828125
359.50799560546875
449.9500427246094
681.8200073242188
902.598876953125
943.748046875
386.489013671875
616.93408203125
222.32090759277344
612.0960693359375
149.67498779296875
617.635009765625
324.14093017578125
18.789764404296875
135.2179412841797
568.43408203125
216.5499725341797
456.1501159667969
736.91796875
774.2339477539062
186.3319854736328
264.5559387207031
473.5999755859375
414.66192626953125
105.90789794921875
521.84814453125
758.6159057617188
944.6689453125
537.3729858398438
143.3529052734375
582.0201416015625
639.9210205078125
720.6329956054688
118.27388763427734
678.8800659179688
780.529052734375
520.4768676757812
461.4790954589844
800.9111938476562
799.1590576171875
473.60809326171875
978.6179809570312
870.0870361328125
870.0120849609375
140.3509521484375
778.1568603515625
957.1549682617188
832.6199951171875
368.24200439453125
20.2183837890625
648.1720581054688
87.12925720214844
337.39593505859375
71.03607177734375
836.0789794921875
925.5971069335938
392.7850036621094
568.0451049804688
479.9769592285156
528.89501953125
812.1689453125
791.7249755859375
477.6650085449219
383.44195556640625
272.65594482421875
963.6630249023438
56.712890625
891.77294921875
297.53497314453125
437.5869140625
384.3819885253906
645.89404296875
623.56396484375
423.6549987792969
847.2520751953125
544.883056640625
857.9459228515625
602.7630004882812
844.2659912109375
715.18896484375
592.8450317382812
